418 8 
0.164417 0 2 0 654110 982462 0 2
1.81513 87 10 1 654110 982462 14 74
1.7752299999999999 87 10 4 654110 982462 27 49
0.21375 0 1 0 49900 3 0 1
1.90785 0 10 3 654110 982462 55 66
1.41204 1 10 1 654110 982462 40 26
0.645424 0 10 4 654110 982462 0 25
0.46091800000000005 0 10 0 654110 982462 4 17
0.361105 0 5 3 654110 982462 2 5
0.26087 10 10 0 654110 982462 20 10
8.83646 118 10 9 654110 982462 312 410
0.46133100000000005 0 4 1 654110 982462 0 5
1.19477 0 10 6 654110 982462 264 64
0.2775 0 1 1 226144 2 0 1
0.1755 0 1 1 1299235 6 0 1
0.365533 0 2 1 300635 3 3 1
0.758115 0 5 2 654110 982462 0 13
2.0866 13 10 6 654110 982462 70 64
3.11151 0 10 2 654110 982462 18 40
1.76918 90 10 2 654110 982462 32 51
0.15 0 2 1 654110 982462 3 0
1.32243 8 10 3 654110 982462 25 58
0.167517 0 1 0 654110 982462 0 1
0.6241939999999999 6 10 5 654110 982462 28 26
0.23935 0 5 2 654110 982462 0 5
0.516904 0 2 0 654110 982462 0 2
0.580719 7 10 1 654110 982462 20 15
0.41571800000000003 0 2 1 654110 982462 0 6
0.18850799999999998 0 2 0 654110 982462 1 1
0.593905 0 10 1 654110 982462 23 17
0.441346 0 10 0 654110 982462 0 18
0.27209099999999997 0 3 0 654110 982462 0 6
2.23897 27 10 5 654110 982462 135 77
0.759536 0 10 1 654110 982462 25 7
0.31654499999999997 2 10 0 654110 982462 26 7
0.6181810000000001 0 10 0 654110 982462 3 15
0.330928 0 10 0 654110 982462 0 11
1.36227 64 10 0 654110 982462 24 45
0.1755 0 1 0 654110 982462 0 1
8.29481 2 10 3 654110 982462 47 168
0.15423199999999998 0 1 0 654110 982462 0 1
0.827968 0 10 2 654110 982462 27 23
0.331273 0 10 0 654110 982462 0 12
0.586861 0 3 1 654110 982462 0 3
2.4904599999999997 49 10 3 654110 982462 74 89
0.776215 8 10 0 654110 982462 30 28
0.28239200000000003 0 5 0 654110 982462 0 6
0.171666 0 3 0 654110 982462 0 3
2.67463 63 10 1 654110 982462 63 82
0.165954 0 1 1 654110 982462 0 1
0.37517399999999995 0 7 1 654110 982462 7 3
0.45822799999999997 0 7 2 654110 982462 3 6
6.7526 34 10 4 654110 982462 2 110
0.347179 12 10 1 654110 982462 26 11
1.9590900000000002 0 10 3 654110 982462 38 86
2.12995 0 5 1 654110 982462 3 2
30.4182 2799 10 6 654110 982462 1105 5247
7.24105 0 10 2 654110 982462 25 367
1.54203 3 10 3 654110 982462 76 56
0.361369 0 10 0 654110 982462 33 10
0.284246 0 7 1 654110 982462 3 6
1.63609 0 10 4 654110 982462 45 79
0.571865 0 5 0 654110 982462 0 10
0.785213 0 10 4 654110 982462 18 13
0.553715 0 10 0 654110 982462 19 34
0.2775 0 1 1 975253 3 1 1
0.44286099999999995 0 10 1 654110 982462 5 13
0.1755 0 1 1 1299235 6 0 1
0.422047 5 10 0 654110 982462 18 17
2.72038 42 10 2 654110 982462 432 160
0.69995 0 5 2 654110 982462 0 12
1.5265 103 10 0 654110 982462 86 59
0.596101 0 10 2 654110 982462 17 12
0.220279 0 1 0 654110 982462 1 1
2.02908 35 10 6 654110 982462 99 89
0.15 0 1 1 654110 982462 1 0
0.198933 0 1 0 654110 982462 0 1
2.08787 10 10 3 654110 982462 33 58
3.57591 13 10 2 654110 982462 24 79
0.231419 0 10 0 654110 982462 0 13
1887.85 31186 10 15 654110 982462 8 82066
0.694153 0 10 3 654110 982462 46 29
0.379894 0 8 0 654110 982462 7 4
4.99371 95 10 3 654110 982462 5 198
0.260792 0 2 0 654110 982462 1 1
1.23441 0 10 0 654110 982462 26 44
0.19753900000000002 0 4 1 654110 982462 2 2
0.401064 0 10 1 654110 982462 13 11
0.157209 0 1 0 654110 982462 0 1
0.936557 9 10 1 654110 982462 25 48
1.59932 25 10 4 654110 982462 31 59
0.8967719999999999 6 10 1 654110 982462 75 29
0.1755 0 1 1 1299235 6 0 1
0.399383 0 7 3 654110 982462 4 5
0.629736 2 10 0 654110 982462 24 21
0.378818 0 10 0 654110 982462 17 5
0.220279 0 1 0 654110 982462 0 1
1.47089 0 10 3 654110 982462 18 87
1.15247 6 10 3 654110 982462 96 69
2.21644 18 10 7 654110 982462 143 94
13.632 14 10 3 654110 982462 78 124
0.570314 0 2 1 654110 982462 0 2
0.43731099999999995 0 10 1 654110 982462 6 8
3.8753699999999998 230 10 6 654110 982462 169 157
0.186587 0 2 0 654110 982462 0 2
0.1755 0 1 0 654110 982462 0 1
10.8842 281 10 7 654110 982462 463 333
0.43731099999999995 0 10 1 654110 982462 3 8
0.281692 0 10 0 654110 982462 9 6
0.414113 0 9 0 654110 982462 0 12
16.465999999999998 689 10 12 654110 982462 546 618
0.15 0 3 1 654110 982462 4 0
0.180383 0 6 0 654110 982462 0 6
1.06597 7 10 0 654110 982462 12 15
0.47863100000000003 0 10 2 654110 982462 0 16
0.157209 0 1 0 654110 982462 0 1
6.563860000000001 701 10 10 654110 982462 367 259
6.624460000000001 21 10 6 654110 982462 713 239
1.2605899999999999 0 10 2 654110 982462 39 43
0.962968 0 10 4 654110 982462 27 24
1.4305 14 10 3 654110 982462 54 50
0.722839 48 10 4 654110 982462 21 25
0.157209 0 1 0 654110 982462 0 1
0.391022 0 2 1 654110 982462 3 2
0.203758 0 4 0 654110 982462 0 4
0.162697 1 6 2 654110 982462 3 3
1.3583100000000001 0 10 5 654110 982462 82 52
0.841175 0 7 3 654110 982462 0 15
0.382734 0 4 2 654110 982462 0 8
7.16856 17 10 1 654110 982462 48 159
0.497586 0 10 1 654110 982462 18 11
0.5926 7 10 0 654110 982462 24 16
0.766369 0 10 3 654110 982462 26 18
9.45099 362 10 10 654110 982462 711 287
0.581571 0 10 1 654110 982462 21 19
0.390837 0 4 2 654110 982462 0 9
4.871569999999999 123 10 0 654110 982462 14 94
0.36089699999999997 0 10 1 654110 982462 0 18
0.7286 0 10 0 654110 982462 24 18
3.44806 19 10 0 654110 982462 35 126
0.437515 0 8 1 654110 982462 7 8
12.1774 452 10 6 654110 982462 522 446
0.752629 0 7 4 654110 982462 0 18
0.15 0 3 1 654110 982462 5 0
0.671383 22 10 3 654110 982462 14 15
0.15 0 1 0 654110 982462 1 0
0.15 0 1 1 49900 3 2 0
0.568144 0 10 1 654110 982462 7 18
1.26522 0 10 0 654110 982462 30 23
0.15 0 1 0 1299235 6 5 0
0.23126300000000002 0 9 0 654110 982462 6 4
0.21493600000000002 0 1 0 654110 982462 1 1
0.2775 0 1 1 654110 982462 1 1
1.13339 17 10 0 654110 982462 48 32
0.540891 0 5 1 654110 982462 1 8
0.5483020000000001 0 10 3 654110 982462 26 16
0.18850799999999998 0 1 0 654110 982462 0 1
0.266966 0 5 1 654110 982462 0 5
1.19392 7 10 1 654110 982462 15 20
2.12042 17 10 2 654110 982462 90 101
0.538311 0 3 3 654110 982462 0 6
0.207375 0 2 1 654110 982462 0 2
1.7496599999999998 73 10 0 654110 982462 27 47
0.5693520000000001 0 4 3 654110 982462 0 11
0.436875 0 1 1 654110 982462 0 3
3.56261 159 10 9 654110 982462 111 117
10.6565 1700 10 3 654110 982462 210 415
0.569801 0 10 3 654110 982462 8 9
0.15 0 6 0 654110 982462 6 0
7.05547 0 10 4 654110 982462 23 31
0.202578 0 4 0 654110 982462 0 4
1.41196 13 10 4 654110 982462 123 60
0.46628000000000003 0 10 4 654110 982462 11 11
1.6682400000000002 73 10 3 654110 982462 22 49
0.174533 0 8 0 654110 982462 0 8
0.157209 0 1 0 654110 982462 0 1
8.65737 2 10 5 654110 982462 570 595
0.159113 0 1 0 654110 982462 0 1
0.162697 0 3 0 654110 982462 0 3
0.157209 0 1 0 654110 982462 0 1
11.4074 729 10 7 654110 982462 659 393
9.284189999999999 12 10 8 654110 982462 313 343
1.55829 27 10 4 654110 982462 48 44
0.220279 0 1 0 654110 982462 0 1
0.196194 0 6 1 654110 982462 0 6
0.15 0 1 0 654110 982462 1 0
0.172688 0 2 1 654110 982462 3 1
0.15 0 1 0 4141039 2 1 0
3.7412400000000003 0 10 1 654110 982462 44 48
0.21580100000000002 0 10 2 654110 982462 12 6
0.644253 0 10 3 654110 982462 9 10
0.968801 0 10 2 654110 982462 23 33
0.274943 0 7 0 654110 982462 0 8
0.181875 0 4 2 654110 982462 9 1
0.253129 0 10 0 654110 982462 0 11
0.35528200000000004 0 10 1 654110 982462 16 9
0.181779 0 5 0 654110 982462 0 5
1.6796900000000001 59 10 7 654110 982462 54 68
0.205794 3 8 1 654110 982462 7 2
0.22095900000000002 0 5 1 654110 982462 0 5
3.16356 30 10 6 654110 982462 113 159
0.182336 0 4 0 654110 982462 0 4
0.288003 0 4 0 654110 982462 1 3
0.200849 0 6 0 654110 982462 0 6
0.284273 0 1 0 654110 982462 0 1
0.358141 0 9 0 654110 982462 0 11
0.21634 0 4 0 654110 982462 2 2
1.0416 0 10 1 654110 982462 23 6
6.72952 364 10 5 654110 982462 51 536
2.07085 4 10 0 654110 982462 13 58
0.181875 0 1 0 654110 982462 2 1
0.31388499999999997 0 10 0 654110 982462 34 7
2.85253 15 10 6 654110 982462 16 81
0.18503499999999998 0 4 1 654110 982462 3 2
6.450419999999999 50 10 4 654110 982462 212 255
0.22407 1 6 0 654110 982462 5 2
0.15 3 7 0 654110 982462 7 0
0.164417 0 4 1 654110 982462 3 2
0.414846 0 7 1 654110 982462 1 9
6.49052 88 10 1 654110 982462 65 153
11.4725 203 10 3 654110 982462 245 482
2.04097 64 10 4 654110 982462 51 45
0.286613 0 1 0 654110 982462 0 2
1.15392 0 10 2 654110 982462 25 21
0.168226 0 2 0 654110 982462 0 2
0.157209 0 1 0 654110 982462 0 1
0.164596 0 1 0 654110 982462 0 1
0.546481 0 10 2 654110 982462 9 12
2.54806 28 10 0 654110 982462 111 85
0.309075 0 9 2 654110 982462 0 9
7.47368 655 10 8 654110 982462 414 328
0.801203 0 10 1 654110 982462 41 22
0.167016 0 2 1 654110 982462 0 2
0.407604 0 10 2 654110 982462 0 18
0.604627 2 9 0 654110 982462 3 6
0.202552 0 7 0 654110 982462 4 3
0.157209 0 1 0 654110 982462 0 1
0.8619979999999999 0 10 3 654110 982462 20 20
2.5512200000000003 8 10 1 654110 982462 47 85
0.15 0 1 0 975253 3 1 0
1.05102 12 10 3 654110 982462 28 36
1.82306 0 10 3 654110 982462 52 58
2.98544 41 10 2 654110 982462 83 89
14.6905 259 10 8 654110 982462 345 432
238.425 21 10 2 654110 982462 23 13897
0.43531400000000003 0 10 2 654110 982462 7 15
0.375287 0 10 0 654110 982462 20 9
0.37259200000000003 0 8 0 654110 982462 2 6
0.320815 0 3 1 654110 982462 0 5
4.1176699999999995 9 10 10 654110 982462 258 204
0.21902399999999997 0 2 0 654110 982462 1 1
2.58602 42 10 4 654110 982462 103 100
0.9993340000000001 8 10 3 654110 982462 23 25
0.22667199999999998 0 10 0 654110 982462 5 5
0.41316800000000004 0 10 0 654110 982462 2 8
0.726306 19 10 6 654110 982462 17 16
0.219286 0 10 0 654110 982462 1 18
0.545682 0 10 0 654110 982462 26 9
0.15 0 3 1 654110 982462 4 0
0.15 0 3 0 654110 982462 5 0
0.33063899999999996 0 10 4 654110 982462 39 10
0.252842 27 10 1 654110 982462 27 2
0.15 0 2 0 654110 982462 2 0
1.83528 8 10 2 654110 982462 19 25
0.26087 10 10 1 654110 982462 20 10
0.590494 0 10 1 654110 982462 15 19
0.21065799999999998 0 5 0 654110 982462 3 2
71.7452 990 10 13 654110 982462 2158 3043
0.24395300000000003 0 2 0 654110 982462 0 2
0.290558 0 2 0 654110 982462 0 2
3.06529 0 10 3 654110 982462 234 117
0.187346 0 3 0 654110 982462 0 3
0.164417 0 2 0 654110 982462 0 2
31.0252 158 10 2 654110 982462 684 645
1.19383 0 10 1 654110 982462 5 34
5.73266 146 10 2 654110 982462 17 187
0.220279 0 1 0 654110 982462 0 1
0.21086799999999997 0 1 0 654110 982462 0 1
0.202552 0 3 0 654110 982462 1 3
9.34243 30 10 8 654110 982462 110 382
1.35732 7 10 2 654110 982462 33 50
0.731608 23 10 3 654110 982462 24 22
0.18850799999999998 0 3 0 654110 982462 2 1
1256.49 15400 10 4 654110 982462 16 19722
1.0631 86 10 5 654110 982462 68 35
0.15 2 4 0 654110 982462 4 0
0.219752 0 3 0 654110 982462 1 2
0.164596 0 1 0 654110 982462 0 1
2.08106 0 10 3 654110 982462 78 83
1.5849799999999998 0 10 4 654110 982462 55 47
2.72823 5 10 4 654110 982462 21 56
18.7341 255 10 7 654110 982462 54 469
3.22056 24 10 1 654110 982462 31 121
0.293595 3 10 1 654110 982462 15 16
1.53875 0 10 1 654110 982462 56 44
0.495864 0 2 1 654110 982462 6 2
0.157209 0 1 0 654110 982462 0 1
6.98711 242 10 7 654110 982462 348 241
0.1755 0 1 1 1299235 6 0 1
0.360976 0 10 1 654110 982462 16 8
0.305183 0 7 4 654110 982462 0 8
1.32974 9 10 5 654110 982462 30 55
0.19927999999999998 0 9 0 654110 982462 4 5
0.34125 0 5 2 654110 982462 1 6
0.15 10 10 1 654110 982462 20 0
0.15 4 8 0 654110 982462 8 0
0.1925 0 1 0 654110 982462 0 1
2.2770200000000003 5 10 8 654110 982462 85 124
0.15 0 2 0 654110 982462 2 0
28.0722 614 10 13 654110 982462 625 1017
2.17516 0 10 2 654110 982462 38 80
0.2775 0 1 1 4141039 2 0 1
11.5539 0 10 0 654110 982462 5 10
7.15417 358 10 2 654110 982462 171 377
0.164417 0 2 0 654110 982462 0 2
9.11058 443 10 3 654110 982462 515 525
0.661475 0 5 2 654110 982462 0 11
1078.38 182 10 7 654110 982462 66 38011
2.32344 20 10 7 654110 982462 298 84
3.06018 0 10 1 654110 982462 31 40
0.8205540000000001 0 10 1 654110 982462 27 7
10.0728 24 10 5 654110 982462 242 343
1.18851 343 10 0 654110 982462 106 72
0.18732000000000001 0 6 0 654110 982462 0 6
0.25625 0 2 2 654110 982462 0 2
0.373691 0 5 2 654110 982462 0 8
0.5744600000000001 0 10 0 654110 982462 34 13
0.572656 0 6 2 654110 982462 0 13
1.12847 0 10 2 654110 982462 32 27
0.15 0 10 0 654110 982462 14 0
0.15 0 1 0 226144 2 1 0
0.276967 0 10 2 654110 982462 25 7
0.832893 0 10 5 654110 982462 95 31
1.13696 0 10 2 654110 982462 21 19
0.17336 0 4 1 654110 982462 0 4
0.869761 9 10 4 654110 982462 16 32
0.157209 0 1 0 654110 982462 0 1
2.06367 317 10 2 654110 982462 201 133
0.674412 2 10 0 654110 982462 12 17
61.3033 2 10 1 654110 982462 60 2839
0.38042 0 10 1 654110 982462 13 9
2.6726799999999997 0 10 4 654110 982462 67 75
0.592619 0 10 3 654110 982462 0 19
0.556229 0 10 4 654110 982462 27 14
0.400994 0 4 2 654110 982462 0 6
3.22133 0 10 0 654110 982462 39 81
0.15 0 10 0 654110 982462 12 0
0.293054 0 8 2 654110 982462 5 5
0.861869 0 10 3 654110 982462 18 17
0.45217700000000005 0 10 0 654110 982462 4 8
0.25356799999999996 0 2 0 300635 3 1 1
0.21860300000000002 0 2 0 654110 982462 0 2
0.17116199999999998 0 5 0 654110 982462 0 5
0.524146 3 10 2 654110 982462 22 24
0.522417 7 10 6 654110 982462 105 26
0.8444510000000001 0 10 2 654110 982462 7 20
1.0897 7 10 0 654110 982462 29 29
0.538875 0 10 1 654110 982462 24 16
17.104 202 10 2 654110 982462 69 624
2.96192 12 10 6 654110 982462 143 74
0.545561 0 10 2 654110 982462 3 12
0.48611800000000005 0 10 5 654110 982462 0 18
0.157969 0 1 1 654110 982462 1 1
22.3473 317 10 2 654110 982462 48 632
3.04089 2 10 5 654110 982462 91 77
0.21375 0 1 0 49900 3 0 1
1.9771900000000002 120 10 8 654110 982462 54 57
0.446193 0 10 2 654110 982462 31 17
0.217768 0 7 0 654110 982462 0 7
1.53179 0 3 2 654110 982462 0 17
0.33276 0 1 1 654110 982462 0 1
0.677473 0 10 2 654110 982462 29 24
6.73792 128 10 4 654110 982462 185 182
0.88751 0 10 2 654110 982462 19 17
1.03914 24 10 2 654110 982462 35 33
0.33307800000000004 0 2 0 654110 982462 0 3
0.36344899999999997 0 8 0 654110 982462 6 3
5.62866 341 10 2 654110 982462 30 505
14.0127 629 10 6 654110 982462 761 369
1.7239400000000002 11 10 2 654110 982462 65 56
0.4792 0 10 1 654110 982462 0 14
0.602522 0 5 4 654110 982462 0 14
21.7737 159 10 5 654110 982462 0 702
0.159113 0 1 0 654110 982462 0 1
6.29542 167 10 1 654110 982462 125 283
6.4078 55 10 12 654110 982462 64 265
0.357072 0 10 2 654110 982462 33 3
0.1755 0 1 1 1299235 6 0 1
1.56659 0 10 4 654110 982462 28 47
0.18899999999999997 0 3 0 654110 982462 0 3
0.18591400000000002 0 3 1 654110 982462 2 1
0.687738 0 9 2 654110 982462 0 12
0.611247 0 10 2 654110 982462 8 16
0.157209 0 1 0 654110 982462 0 1
0.812426 29 10 1 654110 982462 27 27
6.72842 48 10 4 654110 982462 97 248
12.7183 80 10 5 654110 982462 2185 929
0.15 0 4 0 654110 982462 4 0
1.71859 9 10 1 654110 982462 18 18
0.15 3 7 0 654110 982462 7 0
0.309004 0 10 1 654110 982462 18 8
0.724812 0 3 2 654110 982462 0 11
1.0821399999999999 10 10 0 654110 982462 18 10
0.396549 0 10 5 654110 982462 37 9
0.15 0 4 0 654110 982462 4 0
10.2449 216 10 7 654110 982462 420 371
2.66888 46 10 6 654110 982462 34 82
14.2128 101 10 4 654110 982462 479 578
0.15 0 9 0 654110 982462 9 0
0.17186300000000002 0 2 0 654110 982462 0 2
0.539317 0 10 0 654110 982462 22 23
0.363217 0 10 1 654110 982462 13 5
0.8387540000000001 3 10 1 654110 982462 9 9
0.15 0 1 0 654110 982462 1 0
0.15 0 10 0 654110 982462 14 0
0.157209 0 1 0 654110 982462 0 1
0.305373 0 4 0 654110 982462 0 4
1085 
3 3740977
3 180638
3 5293615
3 402438
18 2523323
24 2698206
40 3815113
40 134883
40 889163
40 4292087
40 3291810
40 2999027
40 1077015
40 134883
40 1077015
40 3291810
40 2999027
40 3815113
40 3815113
40 3184791
46 308280
46 505064
46 505064
46 505064
46 505064
46 505064
46 505064
47 4948604
47 4863834
47 4863834
53 1648415
53 1648415
53 5231117
53 1648415
53 718206
53 1648415
53 718206
53 5231117
53 3968113
54 3211512
54 3211512
54 3211512
54 5293071
59 3211512
59 3211512
59 3211512
59 3211512
59 3211512
59 5293071
59 5293071
60 4419948
60 2975953
60 632239
60 2232278
60 4419948
60 5299090
60 3761510
60 1830737
60 5350829
60 4482903
60 4197986
60 3761510
60 4419948
60 2232278
60 1830737
60 2232278
60 2232278
60 4419948
60 3761510
60 2975953
60 1778978
60 2485233
60 3419555
60 4783409
60 1830737
60 2505670
60 4153866
60 3585698
60 3585698
60 1830737
60 4153866
60 2505670
60 1778978
60 2975953
60 3761510
60 4419948
60 2232278
60 4482903
60 5299090
60 5350829
60 632239
60 5359268
60 3761510
60 2975953
60 1778978
60 3761510
60 5359268
60 5350829
60 1766593
60 1766593
60 2975953
60 5299090
60 4482903
60 2232278
60 2505670
60 4155652
60 2975953
60 1766593
60 632239
60 1830737
60 3585698
60 3419555
60 2485233
60 5476792
60 4058227
60 4627108
60 4155652
60 4627108
60 4155652
60 1778978
60 4155652
60 4155652
60 4058227
60 5476792
60 3585698
60 1830737
60 632239
60 2975953
60 1766593
60 2232278
60 4482903
60 5299090
60 1778978
60 1830737
60 4155652
60 5299090
60 4482903
60 2232278
60 1766593
60 2975953
60 3585698
60 632239
60 5476792
60 4058227
60 4627108
60 2485233
60 2505670
60 3419555
60 3761510
60 3761510
60 2975953
60 3761510
60 4197986
60 3904460
60 5476049
74 4830821
74 1324899
90 2238114
90 2238114
90 2238114
90 2238114
90 2238114
90 2238114
90 2238114
90 2238114
90 2238114
106 3733839
106 4463602
106 2879359
106 3733839
106 2879359
106 3197072
106 3733839
106 2879359
106 4463602
106 2879359
106 4463602
106 3733839
106 3733839
106 3197072
106 2879359
106 3197072
106 3733839
106 4463602
106 2879359
106 3733839
106 797634
106 3197072
106 2879359
106 3733839
114 1753819
114 2037473
114 4517320
114 4517320
114 2037473
114 1753819
114 1753819
114 2037473
114 4517320
114 4517320
114 2037473
114 1753819
114 1753819
114 2037473
114 4517320
114 4517320
114 2037473
114 1753819
114 1753819
114 2037473
114 4517320
114 4517320
114 2037473
114 1753819
114 4517320
114 1753819
114 2037473
128 4558404
128 2542589
128 2097297
128 2511197
128 2097297
128 4558404
128 2511197
128 2542589
128 2097297
128 2542589
128 2511197
128 4558404
128 2542589
128 4558404
128 2097297
128 2873364
128 2542589
128 2097297
128 4558404
128 2097297
128 2542589
128 4558404
138 1353233
143 2499850
143 4977446
143 2921778
143 2499850
143 3770306
143 1405452
143 2499850
143 2921778
143 4977446
143 1064327
143 4977446
143 2921778
143 2499850
143 1405452
143 3770306
143 3315180
143 5581803
143 4314604
143 3895523
143 2832920
143 2499850
143 4977446
143 5566832
143 2499850
143 4977446
143 2832920
143 4977446
143 1064327
143 2499850
143 2921778
143 3770306
143 4533656
143 3895523
143 2828612
143 2499850
143 2499850
143 308447
143 2499850
143 4799862
150 4339842
150 1758205
150 1338088
150 1982261
150 584571
150 4339842
150 84427
150 4998249
150 4339842
150 575891
150 4339842
150 2391414
150 4339842
150 2391414
150 4469232
150 1771061
150 575891
150 1771061
150 2391414
150 4339842
150 185335
150 4998249
150 4339842
150 4469232
150 5058218
150 1982261
150 575891
150 3002173
150 4339842
150 2391414
150 4214296
150 4339842
150 2391414
150 584571
150 637234
150 4214296
150 575891
152 1094151
152 1094151
152 1094151
152 1094151
152 1094151
152 1094151
152 1094151
152 1094151
152 1094151
152 1094151
152 1094151
152 1094151
152 1094151
152 1094151
156 1078266
170 1686371
170 1686371
170 1686371
170 1686371
170 1686371
170 1686371
194 2878180
194 2878180
194 2878180
194 2878180
206 1227477
211 4987964
211 4577755
211 4577755
211 4987964
211 4577755
211 4987964
211 4577755
211 4987964
214 639977
214 4754667
214 4531661
216 2065737
216 2065737
216 2065737
216 2065737
216 2065737
216 2065737
216 2065737
216 2065737
216 2065737
216 2065737
216 2065737
216 2065737
216 2065737
216 2065737
216 2065737
216 2065737
216 2065737
216 2065737
216 2065737
216 2065737
216 2065737
216 2065737
216 2065737
216 2065737
216 2065737
216 2065737
216 2065737
216 2065737
216 2065737
216 2065737
216 2065737
216 2065737
216 2065737
216 2065737
228 2949336
228 2949336
228 2949336
228 2949336
228 2949336
228 2949336
249 3756431
255 1193189
255 4589036
255 2619572
255 4960095
255 1881859
255 2619572
272 2383622
272 2007907
272 5150654
272 5379701
272 5379701
272 5150654
272 4761299
272 1497892
272 3406316
272 1244166
272 2867415
272 743361
272 3144011
272 2254318
272 2867415
272 3406316
272 1497892
272 5150654
272 4761299
272 1873489
272 3012698
272 2344503
272 1769708
272 3714644
272 5038157
272 1378525
272 5395426
272 3107121
272 3567353
272 648072
272 1378525
272 1621740
272 3573087
272 3808830
272 4101726
272 3808830
272 5235805
272 1286203
272 2857416
278 667645
278 2199268
278 5422411
278 2210363
278 767706
278 2210363
278 667645
278 2199268
278 2210363
278 2199268
278 667645
278 2210363
278 667645
278 2199268
278 667645
278 2210363
278 2199268
278 2199268
278 667645
278 725615
278 2199268
278 725615
278 667645
278 2210363
278 767706
278 2210363
278 667645
278 1922301
278 2199268
278 5422411
299 464339
299 2120554
299 1218627
299 1468935
299 1931747
301 438924
301 3769196
301 2733385
301 3663015
301 5392394
320 233302
328 3211512
328 3211512
328 3211512
328 3211512
328 3211512
328 5293071
328 5293071
340 471355
340 986035
340 5447510
340 1474007
345 626402
345 700333
345 3525772
345 700333
345 778737
345 700333
345 700333
345 700333
345 626402
345 700333
345 626402
345 700333
345 778737
345 3525772
345 4339183
345 4339183
345 4339183
345 4339183
345 2308536
345 700333
345 4339183
345 700333
345 4339183
345 700333
345 3525772
345 4339183
345 4339183
345 700333
345 4339183
345 3525772
345 2308536
345 700333
345 2308536
345 700333
345 4339183
345 626402
345 700333
345 700333
345 4339183
345 700333
345 626402
345 700333
345 700333
345 626402
345 2308536
345 778737
345 700333
345 700333
353 4798601
353 617680
353 5569935
353 5470275
353 1914202
356 5048140
356 5048140
356 1637139
356 5048140
356 5048140
356 1637139
356 1637139
356 5048140
356 5048140
356 5048140
356 5048140
356 5048140
356 5048140
356 1637139
356 1637139
356 5048140
356 5048140
356 1637139
356 1637139
356 5048140
376 451885
376 2634280
376 4323888
384 2783388
384 4642852
384 4642852
384 2783388
384 4642852
384 4642852
384 4642852
384 4642852
384 4642852
384 4642852
384 4642852
384 4642852
384 4642852
384 4642852
384 4642852
407 1848163
407 1703649
407 605059
407 1703649
407 1848163
407 1848163
407 1703649
407 2368015
407 2368015
407 1703649
407 1848163
407 5383759
407 1703649
407 2368015
407 1703649
407 2368015
407 1848163
415 823754
415 3897251
415 3897251
415 3897251
415 3897251
415 3897251
415 823754
415 662176
415 3897251
415 823754
415 662176
415 3897251
415 823754
415 662176
415 3897251
415 662176
415 823754
415 823754
415 662176
415 3897251
415 662176
415 823754
415 3897251
424 1637220
424 375073
424 1264503
424 372393
424 2550792
424 4155596
424 3365679
424 124758
424 3156836
424 4057603
424 3626158
424 5052877
424 1027342
424 4152684
424 752242
424 3156836
424 2313166
424 750682
424 3156836
424 375073
424 4152684
424 4057603
424 4916848
424 5052877
424 3156836
424 124758
424 1637220
424 2550792
424 372393
424 2167401
424 1027342
424 2313166
424 3626158
424 752242
424 1264503
424 1464982
424 4234713
424 1975851
424 2398684
424 5607240
424 3156836
424 5046752
424 124758
424 5052877
424 2167401
424 375073
424 4057603
424 2313166
424 2550792
424 1264503
424 3156836
424 4234713
424 372393
424 752242
424 1027342
424 3626158
424 1464982
424 4152684
424 750682
424 4916848
424 3156836
424 2321566
424 2321566
424 5046752
424 3156836
424 124758
424 4057603
424 4152684
424 1174578
424 1637220
424 375073
424 5081072
424 2477500
424 3626158
424 752242
424 1264503
424 2167401
424 372393
424 1027342
424 750682
424 4234713
424 681474
424 4155596
424 1975851
424 2550792
426 1217993
426 1217993
426 1217993
426 1217993
426 1217993
426 1217993
426 1217993
426 1217993
426 1217993
426 1217993
426 1217993
426 1217993
430 1134854
430 902359
430 4834194
430 2259804
430 3936237
433 3999473
433 3999473
447 2202436
447 2202436
447 2202436
447 2202436
447 2202436
447 2202436
447 2202436
447 2202436
447 2202436
447 2202436
447 2202436
447 2202436
447 2202436
447 2202436
447 2202436
447 2202436
447 2202436
447 2202436
447 2202436
447 2202436
447 2202436
447 2202436
447 2202436
447 2202436
447 2202436
447 2202436
447 2202436
447 2202436
447 2202436
447 2202436
447 2202436
447 2202436
447 2202436
447 2202436
447 2202436
447 2202436
447 2202436
447 2202436
447 2202436
450 3335900
450 2110312
450 2110312
450 4445247
450 10522
452 3564507
463 4353958
465 2086114
465 1760163
465 3249392
465 1314055
465 3893538
465 4873898
465 3308155
465 1760163
465 3452981
465 4885769
465 3249392
465 3249392
465 3452981
465 4136357
465 3249392
465 2234529
465 1439141
465 3249392
465 2601451
465 652383
465 2234529
465 3205387
465 3249392
504 2016903
504 1450309
504 2016903
504 2016903
504 4254231
504 1450309
504 2016903
504 1450309
504 4254231
504 2016903
504 2016903
504 2016903
504 4254231
504 2016903
504 2016903
504 2016903
504 4254231
504 2016903
504 4254231
504 1346919
504 2016903
504 2016903
504 2016903
504 1450309
504 2016903
504 2016903
507 2545478
507 2545478
507 2545478
507 2545478
508 1246690
508 560525
508 2739521
508 560525
508 2167661
508 560525
508 2739521
510 3013094
510 3013094
510 3013094
510 3013094
510 3013094
510 3013094
510 3013094
510 3013094
510 3013094
510 3013094
510 3013094
510 3013094
510 3013094
510 3013094
512 278667
512 278667
512 278667
512 2224526
514 805770
514 805770
514 805770
514 805770
514 805770
514 805770
514 805770
514 805770
514 805770
514 805770
514 4820652
514 805770
514 805770
514 805770
514 805770
514 1484693
514 841067
514 805770
514 805770
514 841067
514 805770
514 3198006
514 3198006
514 805770
514 841067
514 3198006
520 1487765
520 2789544
521 2381117
521 1299764
521 1303327
521 4810147
521 799131
521 3920231
521 4877545
521 5258431
521 2172268
521 3478502
521 5107884
521 799131
521 1303327
521 2381117
521 3920231
521 2643302
521 2665327
521 2562131
521 1299764
521 1224729
521 3478502
521 5258431
521 4877545
521 2381117
521 4810147
521 3738621
521 1299764
528 2976028
528 2976028
540 5162431
540 5162431
540 5162431
548 4821258
556 582649
556 160130
556 5516133
556 582649
556 5516133
556 160130
556 582649
556 5516133
556 160130
556 582649
556 5516133
556 160130
556 5516133
556 160130
556 582649
556 2990733
556 582649
556 5516133
556 1242563
556 160130
557 2631862
557 2631862
557 2631862
557 2631862
557 3076469
557 2631862
557 3076469
557 2631862
557 2631862
557 2631862
557 2631862
557 3076469
557 2631862
557 2631862
557 2631862
557 2631862
557 2631862
557 2631862
563 2632420
563 5599411
567 3224401
571 4143823
571 4143823
571 4143823
571 4143823
571 4143823
571 4143823
571 4143823
571 4143823
571 4143823
571 4143823
571 4143823
571 4143823
571 4143823
571 4143823
571 4143823
571 4143823
571 4143823
571 4143823
571 4143823
571 4143823
571 4143823
571 4143823
571 4143823
571 4143823
571 4143823
571 4143823
582 245766
591 3491545
591 97326
591 3491545
591 97326
591 3491545
591 97326
591 3491545
591 97326
591 3491545
591 97326
591 3491545
591 97326
591 3491545
591 97326
591 3491545
591 97326
591 3491545
591 97326
591 3491545
591 97326
609 5168233
610 4717353
610 2584436
610 3478059
614 316982
622 1217993
622 1217993
622 2090253
622 1676511
622 1676511
624 4145532
624 3123773
624 2112730
624 4546022
624 3123773
624 4546022
624 2112730
624 4145532
624 4546022
624 2112730
624 3123773
624 4145532
624 3123773
624 4145532
624 4145532
624 4546022
624 4145532
624 3123773
625 5008651
625 2759316
625 5008651
625 461547
625 5008651
625 3795135
625 5008651
625 461547
625 4002833
625 5125936
625 507353
625 5008651
625 5008651
625 507353
625 4002833
625 5008651
625 4002833
625 507353
630 4871400
630 4432787
630 5554563
630 4871400
630 4432787
630 4871400
630 4432787
630 4432787
630 5554563
631 4357876
644 4630531
644 4630531
644 4630531
644 4630531
644 4630531
644 4630531
644 4630531
650 154104
650 3044490
650 154104
650 3044490
650 978620
650 154104
650 154104
650 978620
650 3044490
650 4859097
650 321127
650 3639498
650 3044490
650 3639498
650 4859097
650 321127
650 978620
650 154104
650 3044490
650 978620
650 225608
650 225608
669 798942
4058227 4830821 1324899 797634 1758205 84427 4998249 2391414 2949336 3756431 2619572 3012698 3567353 2857416 4798601 617680 5569935 2783388 3156836 4916848 4445247 10522 1760163 3893538 3308155 3452981 4885769 2234529 841067 5107884 316982 321127 
1 2 3 4 5 6 7 8