758 8 
0.5424329999999999 1 10 4 104884 1348263 21 15
0.226289 0 10 0 104884 1348263 0 10
0.153961 0 2 0 104884 1348263 0 2
0.318813 0 10 0 104884 1348263 0 21
0.24197600000000002 0 9 1 104884 1348263 0 9
0.575204 0 10 2 104884 1348263 0 18
0.8359840000000001 1 10 6 104884 1348263 0 49
0.349713 0 10 0 104884 1348263 0 14
1.1649 0 10 2 104884 1348263 15 18
0.229489 0 3 2 104884 1348263 0 4
0.164187 0 2 0 104884 1348263 0 2
3.78139 1 10 10 104884 1348263 260 60
0.6728109999999999 0 10 9 104884 1348263 4 27
0.943508 0 10 8 104884 1348263 0 57
0.22791199999999998 0 8 0 104884 1348263 0 9
0.329798 0 8 2 104884 1348263 0 11
0.15 0 1 0 104884 1348263 1 0
0.16297999999999999 0 4 0 104884 1348263 0 4
0.254736 0 10 0 104884 1348263 0 17
0.23676 0 8 0 104884 1348263 0 11
1.8611900000000001 37 10 4 104884 1348263 35 51
0.160866 0 1 0 104884 1348263 0 1
0.225348 0 7 0 104884 1348263 0 7
0.178177 0 3 0 104884 1348263 0 3
0.21081100000000003 0 4 0 104884 1348263 0 4
0.386232 0 10 5 104884 1348263 0 19
0.280702 0 9 5 104884 1348263 0 13
1.68661 0 10 6 104884 1348263 0 67
0.435438 0 10 0 104884 1348263 11 43
0.17356400000000002 0 2 0 104884 1348263 0 2
0.152314 0 2 0 104884 1348263 1 1
0.236605 0 8 4 104884 1348263 0 10
0.48090200000000005 0 5 1 104884 1348263 0 5
0.16145299999999999 0 4 0 104884 1348263 0 4
1.1299 0 10 10 104884 1348263 0 82
0.214238 0 9 0 104884 1348263 0 10
0.48875 0 8 2 104884 1348263 4 8
0.22214099999999998 0 1 0 104884 1348263 0 1
0.187146 0 3 0 104884 1348263 0 3
0.15 0 3 1 104884 1348263 4 0
0.16303499999999999 0 1 0 104884 1348263 0 1
0.181146 0 3 1 104884 1348263 0 3
3.3773699999999995 1 10 10 104884 1348263 70 63
0.465463 0 10 4 104884 1348263 0 33
1.45791 0 10 7 104884 1348263 75 36
0.471692 2 10 6 104884 1348263 10 18
0.170032 0 5 0 104884 1348263 0 5
0.219435 0 10 0 104884 1348263 1 13
0.15920399999999998 0 2 0 104884 1348263 0 2
0.306564 0 10 1 104884 1348263 39 9
0.162546 0 3 0 104884 1348263 0 3
0.5068239999999999 4 10 1 104884 1348263 8 7
0.222935 0 2 0 104884 1348263 1 1
0.189091 0 3 0 104884 1348263 0 4
0.26123 0 7 3 104884 1348263 0 9
1.35182 0 10 12 104884 1348263 0 100
0.212459 0 6 0 104884 1348263 0 6
0.22496999999999998 0 4 0 104884 1348263 3 2
0.226111 0 6 0 104884 1348263 0 7
0.24735300000000002 0 7 1 104884 1348263 1 8
0.5902609999999999 0 10 0 104884 1348263 41 21
0.908005 0 10 5 104884 1348263 8 27
0.160401 0 4 0 104884 1348263 0 4
0.36541799999999997 0 10 0 104884 1348263 0 19
0.15781099999999998 0 1 0 104884 1348263 0 1
0.325042 0 10 3 104884 1348263 23 7
0.882928 0 10 0 104884 1348263 21 29
0.767299 0 10 6 104884 1348263 25 34
0.292096 0 10 2 104884 1348263 0 13
0.35680700000000004 0 10 4 104884 1348263 2 15
0.20336600000000002 0 2 0 104884 1348263 0 2
0.391151 0 10 5 104884 1348263 0 22
0.200077 0 9 0 104884 1348263 0 11
0.665966 1 10 0 104884 1348263 14 21
0.6884359999999999 0 10 1 104884 1348263 18 14
0.671597 0 10 5 104884 1348263 12 12
0.166323 0 4 0 104884 1348263 0 4
0.636117 0 10 8 104884 1348263 0 32
0.277012 0 9 2 104884 1348263 0 10
0.195663 0 5 0 104884 1348263 0 5
0.594104 0 8 6 104884 1348263 2 23
0.179093 0 5 0 104884 1348263 0 5
0.167219 0 1 0 104884 1348263 0 1
1.0 0 2 1 1264334 2 1 1
0.18020999999999998 0 5 0 104884 1348263 0 5
0.1729 0 5 0 104884 1348263 0 5
0.272675 0 10 0 104884 1348263 14 11
0.167126 0 3 2 104884 1348263 0 3
0.16475599999999999 0 5 0 104884 1348263 1 4
14.8683 0 10 11 104884 1348263 534 285
0.7904100000000001 0 10 0 104884 1348263 0 35
1.84207 13 10 8 104884 1348263 104 58
0.30693899999999996 0 5 1 104884 1348263 0 6
0.20898200000000003 0 10 0 104884 1348263 0 12
0.445747 0 7 6 104884 1348263 0 12
0.466846 0 5 2 104884 1348263 0 10
0.207513 0 3 2 104884 1348263 0 3
0.180099 0 2 0 104884 1348263 0 2
0.208373 0 3 0 104884 1348263 0 4
0.546825 0 10 2 104884 1348263 14 15
0.553189 0 8 0 104884 1348263 0 9
0.20578000000000002 0 7 1 104884 1348263 0 8
0.19278 0 7 0 104884 1348263 0 7
0.35448 0 10 0 104884 1348263 7 12
0.18873199999999998 0 5 0 104884 1348263 0 6
0.205377 0 9 0 104884 1348263 0 12
0.314675 0 10 3 104884 1348263 9 8
0.438033 0 10 3 104884 1348263 0 29
0.221925 0 8 0 104884 1348263 0 9
0.27922199999999997 0 10 0 104884 1348263 5 20
0.16359100000000001 0 3 0 104884 1348263 0 3
0.266255 0 9 0 104884 1348263 0 9
0.532878 0 10 0 104884 1348263 0 25
1.94819 2 10 13 104884 1348263 77 90
0.310272 0 10 3 104884 1348263 8 8
0.156682 0 6 2 104884 1348263 7 1
0.15498199999999998 0 2 0 104884 1348263 0 2
1.24595 0 10 3 104884 1348263 2 21
0.21993400000000002 0 9 0 104884 1348263 0 10
0.155563 0 2 0 104884 1348263 0 2
0.216873 0 6 0 104884 1348263 0 7
0.158528 0 2 0 104884 1348263 0 2
0.289437 0 10 3 104884 1348263 0 21
0.170647 0 4 0 104884 1348263 0 4
0.26615 0 3 0 104884 1348263 0 3
0.24117600000000003 1 8 2 104884 1348263 3 8
4.9198900000000005 122 10 7 104884 1348263 151 110
0.315887 0 9 0 104884 1348263 5 4
0.229494 0 8 0 104884 1348263 0 9
1.18173 1 10 4 104884 1348263 0 59
1.1407 0 10 4 104884 1348263 0 145
1.91221 0 10 2 104884 1348263 106 23
0.321345 0 10 8 104884 1348263 0 17
0.268455 0 10 2 104884 1348263 21 5
0.15 0 5 1 104884 1348263 17 0
2.19576 0 10 3 104884 1348263 135 99
0.16303499999999999 0 1 0 104884 1348263 0 1
0.19603800000000002 0 6 0 104884 1348263 0 6
0.42744399999999994 0 10 1 104884 1348263 39 7
0.19357 0 4 0 104884 1348263 0 4
0.217833 0 7 1 104884 1348263 3 4
1.22926 2 10 1 104884 1348263 16 34
0.217793 0 4 1 104884 1348263 2 2
0.17521 0 4 0 104884 1348263 0 4
0.175008 0 3 0 104884 1348263 0 3
3.9478800000000005 2 10 5 104884 1348263 140 101
0.165126 0 4 0 104884 1348263 0 4
0.20245 0 8 0 104884 1348263 0 10
0.6374029999999999 0 10 7 104884 1348263 0 50
0.216455 0 1 0 104884 1348263 0 1
0.43435 0 10 4 104884 1348263 0 17
0.41672200000000004 0 10 2 104884 1348263 5 15
0.327454 0 5 2 104884 1348263 0 7
0.165338 0 1 0 104884 1348263 0 1
0.21805300000000002 0 8 2 104884 1348263 0 11
0.5779770000000001 0 5 0 104884 1348263 4 3
0.501394 6 10 2 104884 1348263 12 13
0.489201 0 10 3 104884 1348263 0 21
0.17297200000000001 0 2 0 104884 1348263 0 2
0.17380299999999999 0 5 0 104884 1348263 0 5
0.152314 0 1 0 104884 1348263 0 1
0.458445 0 10 3 104884 1348263 6 40
0.155084 0 1 0 104884 1348263 0 1
0.17106400000000002 0 4 0 104884 1348263 0 4
1.8187799999999998 0 10 7 104884 1348263 0 64
0.25801799999999997 0 6 0 104884 1348263 0 8
0.816955 4 10 6 104884 1348263 15 18
0.161706 0 2 0 104884 1348263 0 2
0.22212300000000001 0 5 2 104884 1348263 0 5
0.312415 1 10 7 104884 1348263 2 24
0.159808 0 2 0 104884 1348263 1 1
0.16731600000000002 0 3 0 104884 1348263 0 3
0.15781099999999998 0 1 0 104884 1348263 0 1
0.235233 0 7 2 104884 1348263 0 8
0.20556100000000002 0 9 1 104884 1348263 1 9
0.191432 0 4 1 104884 1348263 0 4
0.212207 0 6 0 104884 1348263 0 6
0.45155200000000006 0 10 1 104884 1348263 31 4
0.186122 0 3 0 104884 1348263 0 3
1.2974 0 10 8 104884 1348263 0 61
1.5362 0 10 0 104884 1348263 35 31
0.50252 0 10 4 104884 1348263 8 24
0.86803 0 10 0 104884 1348263 1 48
0.15 0 1 1 1810146 2 1 0
0.281252 0 10 6 104884 1348263 0 16
0.159808 0 1 0 104884 1348263 0 1
2.81954 25 10 6 104884 1348263 64 64
0.224262 0 7 0 104884 1348263 0 8
0.22118400000000002 0 8 3 104884 1348263 0 9
0.15803 0 2 0 104884 1348263 0 2
0.16958199999999998 0 4 0 104884 1348263 0 4
0.16303499999999999 0 1 0 104884 1348263 0 1
0.399461 3 10 0 104884 1348263 7 7
0.197681 0 9 0 104884 1348263 0 10
0.193323 0 4 0 104884 1348263 0 4
0.286304 0 1 2 104884 1348263 0 2
1.15901 9 10 2 104884 1348263 52 41
0.170439 0 5 0 104884 1348263 0 5
0.292511 0 5 1 104884 1348263 0 6
4.61075 0 10 4 104884 1348263 0 207
1.9947400000000002 0 10 1 104884 1348263 70 20
0.269106 0 10 4 104884 1348263 45 2
0.17229 0 4 0 104884 1348263 0 4
0.152314 0 1 0 104884 1348263 0 1
0.296696 0 6 3 104884 1348263 0 8
0.680653 0 10 2 104884 1348263 0 40
0.18579500000000002 0 4 0 104884 1348263 0 4
0.61626 0 10 3 104884 1348263 0 23
0.159156 0 3 0 104884 1348263 0 3
0.403118 0 10 2 104884 1348263 10 12
0.19710899999999998 0 6 0 104884 1348263 0 7
0.160814 0 2 0 104884 1348263 0 2
0.653762 0 10 4 104884 1348263 12 13
0.226271 0 10 0 104884 1348263 3 11
0.2813 0 10 0 104884 1348263 0 13
0.261535 0 7 0 104884 1348263 1 6
0.320214 0 10 4 104884 1348263 0 12
0.52108 0 10 4 104884 1348263 0 19
0.24669899999999997 0 7 0 104884 1348263 2 5
0.20940100000000003 0 5 1 104884 1348263 0 5
0.21631399999999998 0 8 0 104884 1348263 0 10
0.159808 0 1 0 104884 1348263 0 1
0.601757 0 10 7 104884 1348263 0 47
0.298139 0 10 2 104884 1348263 0 21
0.187146 0 3 0 104884 1348263 0 3
0.44720299999999996 0 10 3 104884 1348263 0 16
0.205173 0 3 0 104884 1348263 0 3
0.374343 0 7 0 104884 1348263 0 10
1.33629 0 10 5 104884 1348263 79 35
0.293404 0 10 3 104884 1348263 9 8
1.72931 36 10 5 104884 1348263 43 69
1.57774 10 10 2 104884 1348263 43 42
0.196222 0 4 1 104884 1348263 0 4
0.5273869999999999 0 10 10 104884 1348263 0 38
0.152314 0 1 0 104884 1348263 0 1
0.187314 0 2 1 104884 1348263 1 1
0.8191189999999999 0 10 0 104884 1348263 0 46
0.284825 0 10 0 104884 1348263 0 14
0.30509899999999995 0 5 4 104884 1348263 6 5
0.476524 3 8 1 104884 1348263 4 8
0.29946300000000003 0 8 0 104884 1348263 3 9
1.0628600000000001 26 10 6 104884 1348263 69 73
0.215108 0 3 2 104884 1348263 0 3
0.219779 0 10 0 104884 1348263 0 13
0.19911900000000002 0 7 0 104884 1348263 0 7
0.152314 0 1 0 104884 1348263 0 1
0.162998 0 4 0 104884 1348263 0 4
0.8484139999999999 1 10 0 104884 1348263 0 25
0.172022 0 3 0 104884 1348263 0 3
0.347046 0 10 5 104884 1348263 0 23
0.247126 0 10 0 104884 1348263 0 14
3.02136 112 10 10 104884 1348263 114 117
0.199234 0 6 0 104884 1348263 0 8
0.215863 0 2 0 104884 1348263 0 2
0.188839 0 2 0 104884 1348263 1 1
0.324807 0 5 0 104884 1348263 1 4
0.20243 0 2 1 104884 1348263 0 2
0.184898 0 5 0 104884 1348263 0 5
0.193655 0 6 0 104884 1348263 3 3
0.568824 0 10 0 104884 1348263 4 14
1.09327 0 10 5 104884 1348263 0 22
0.204171 0 4 2 104884 1348263 0 4
0.1654 0 4 0 104884 1348263 0 4
0.1569 0 4 0 104884 1348263 2 3
0.163365 0 3 0 104884 1348263 0 3
0.17038 0 3 0 104884 1348263 0 3
0.20061600000000002 0 7 0 104884 1348263 0 8
1.08236 0 2 0 104884 1348263 1 1
0.170417 0 3 0 104884 1348263 0 3
0.44365200000000005 0 4 0 104884 1348263 0 5
0.175472 0 2 0 104884 1348263 0 2
0.5397930000000001 0 10 1 104884 1348263 12 19
0.152314 0 1 0 104884 1348263 0 1
5.13365 13 10 10 104884 1348263 20 55
0.152314 0 1 0 104884 1348263 0 1
0.21154499999999998 0 2 0 104884 1348263 0 2
1.7200799999999998 2 10 9 104884 1348263 0 87
2.77608 26 10 5 104884 1348263 28 56
0.503613 0 10 3 104884 1348263 13 8
0.46982799999999997 0 10 5 104884 1348263 1 25
0.156682 0 1 0 104884 1348263 0 1
0.18468199999999999 0 8 0 104884 1348263 0 8
0.18282400000000001 0 4 0 104884 1348263 0 4
0.21758899999999998 0 6 4 104884 1348263 5 3
0.661647 0 10 3 104884 1348263 85 23
0.15 0 2 1 104884 1348263 13 0
0.308114 0 6 1 104884 1348263 3 6
0.19661800000000001 0 4 0 104884 1348263 0 5
0.251506 0 6 0 104884 1348263 0 7
3.6754599999999997 27 10 9 104884 1348263 18 111
0.23608099999999999 0 3 0 104884 1348263 0 3
0.21490399999999998 0 6 0 104884 1348263 2 6
0.251542 0 4 0 104884 1348263 0 4
0.197279 0 3 0 104884 1348263 0 4
0.187623 0 5 0 104884 1348263 0 5
0.48782600000000004 0 10 3 104884 1348263 0 24
0.272088 0 10 0 104884 1348263 2 8
0.249164 0 9 2 104884 1348263 0 10
0.454671 0 10 0 104884 1348263 38 23
0.157458 0 2 0 104884 1348263 0 2
0.1575 0 1 0 104884 1348263 0 1
0.159201 0 7 0 104884 1348263 3 4
0.181032 0 3 0 104884 1348263 0 3
0.265685 0 4 0 104884 1348263 0 5
0.232504 0 5 0 104884 1348263 0 6
0.42586199999999996 0 9 0 104884 1348263 0 14
0.152314 0 1 0 104884 1348263 0 1
0.33263400000000004 0 4 1 104884 1348263 2 3
0.15 0 1 1 104884 1348263 1 0
0.235535 0 9 0 104884 1348263 0 13
0.17131500000000002 0 3 0 104884 1348263 0 3
0.506355 0 10 8 104884 1348263 16 30
0.167668 0 3 0 104884 1348263 0 3
0.184695 0 3 0 104884 1348263 0 3
2.52743 18 10 7 104884 1348263 123 55
1.986 0 10 6 104884 1348263 0 92
0.43376499999999996 0 10 3 104884 1348263 0 16
0.77141 0 10 7 104884 1348263 0 89
0.16763599999999998 0 4 0 104884 1348263 2 2
0.15 0 3 1 104884 1348263 6 0
0.317063 0 9 5 104884 1348263 0 12
0.191865 0 4 0 104884 1348263 0 4
0.184921 0 4 0 104884 1348263 0 4
0.240477 0 8 0 104884 1348263 0 9
0.18019000000000002 0 7 0 104884 1348263 0 7
0.576083 0 10 3 104884 1348263 0 41
0.160866 0 1 0 104884 1348263 0 1
0.160677 0 4 0 104884 1348263 0 4
0.21249899999999997 0 8 0 104884 1348263 0 8
0.47565 0 10 1 104884 1348263 6 9
0.21585900000000002 0 8 1 104884 1348263 0 10
0.377809 0 8 0 104884 1348263 0 11
0.2765 0 10 6 104884 1348263 0 14
0.159808 0 1 0 104884 1348263 0 1
0.179875 0 6 0 104884 1348263 0 6
0.24374400000000002 0 8 0 104884 1348263 0 9
0.170521 0 5 0 104884 1348263 0 5
0.28129299999999996 0 8 1 104884 1348263 0 11
0.24227100000000001 0 6 0 104884 1348263 0 7
0.236071 0 5 1 104884 1348263 3 3
0.312664 0 5 1 104884 1348263 4 3
0.330305 0 5 2 104884 1348263 0 6
1.20262 0 10 1 104884 1348263 46 20
0.159808 0 1 0 104884 1348263 0 1
0.280091 1 10 0 104884 1348263 0 26
0.204548 0 5 0 104884 1348263 0 6
0.16303499999999999 0 1 0 104884 1348263 0 1
1.9938799999999999 1 10 0 104884 1348263 28 33
0.15 0 1 0 104884 1348263 1 0
0.22330300000000003 0 6 0 104884 1348263 0 6
0.35707300000000003 0 10 0 104884 1348263 16 18
0.400301 2 10 0 104884 1348263 38 14
0.19453099999999998 0 6 0 104884 1348263 0 6
0.198691 0 6 0 104884 1348263 0 8
0.264217 0 10 0 104884 1348263 0 21
0.1626 0 2 0 104884 1348263 0 2
1.78365 0 10 6 104884 1348263 0 113
0.43262700000000004 0 10 4 104884 1348263 0 15
0.38000500000000004 0 10 9 104884 1348263 0 19
0.163167 0 3 0 104884 1348263 0 3
0.187948 0 4 0 104884 1348263 0 4
0.376675 0 8 0 104884 1348263 0 10
0.161226 0 3 0 104884 1348263 0 3
0.6844859999999999 3 10 0 104884 1348263 9 8
0.246121 0 7 0 104884 1348263 0 7
0.18218199999999998 0 2 0 104884 1348263 0 2
0.279455 0 8 2 104884 1348263 0 12
0.385521 0 10 7 104884 1348263 0 23
0.262732 0 7 1 104884 1348263 0 8
14.9245 70 10 14 104884 1348263 684 308
0.6103069999999999 0 10 0 104884 1348263 0 38
0.15 0 2 0 104884 1348263 2 0
0.522717 0 10 2 104884 1348263 1 20
0.434091 0 10 11 104884 1348263 0 68
0.16076 0 4 0 104884 1348263 0 4
0.15703699999999998 0 3 0 104884 1348263 0 3
0.44491 0 10 0 104884 1348263 0 19
0.203057 0 7 0 104884 1348263 0 7
0.181756 0 2 0 104884 1348263 0 2
0.159808 0 1 0 104884 1348263 0 1
0.305176 0 10 0 104884 1348263 1 17
0.170479 0 4 0 104884 1348263 0 4
0.528346 0 10 0 104884 1348263 9 19
0.485206 0 10 0 104884 1348263 19 18
0.189951 0 5 0 104884 1348263 0 5
0.161485 0 4 0 104884 1348263 0 4
0.180784 0 3 0 104884 1348263 0 3
0.48672 0 5 0 104884 1348263 5 4
0.663558 0 10 3 104884 1348263 0 32
0.17356400000000002 0 2 0 104884 1348263 0 2
0.174815 0 2 1 104884 1348263 1 1
0.21088200000000001 0 9 0 104884 1348263 7 3
1.2858 0 10 4 104884 1348263 50 13
0.301375 0 9 3 104884 1348263 4 7
0.500984 0 10 1 104884 1348263 5 10
0.16303499999999999 0 1 0 104884 1348263 0 1
0.18293099999999998 0 1 0 104884 1348263 0 1
0.314709 0 6 1 104884 1348263 0 7
0.26960500000000004 0 9 0 104884 1348263 0 12
0.248786 0 10 0 104884 1348263 0 18
0.363681 0 8 0 104884 1348263 0 13
0.18249500000000002 0 6 0 104884 1348263 0 6
0.305992 0 10 3 104884 1348263 0 18
0.168896 0 4 0 104884 1348263 0 4
0.173177 0 7 0 104884 1348263 0 7
0.723288 0 10 6 104884 1348263 0 20
0.19614700000000002 0 5 0 104884 1348263 1 4
0.304743 0 6 2 104884 1348263 0 7
0.467689 0 10 5 104884 1348263 2 36
0.16303499999999999 0 1 0 104884 1348263 0 1
0.250381 0 6 5 104884 1348263 5 5
0.411231 0 8 5 104884 1348263 9 9
0.179143 0 4 0 104884 1348263 0 4
0.15398699999999999 0 2 0 104884 1348263 0 2
0.784413 21 10 3 104884 1348263 41 30
0.17694000000000001 0 2 0 104884 1348263 0 2
0.21374200000000002 0 1 1 104884 1348263 0 1
0.243939 0 7 0 104884 1348263 0 7
1.85762 0 10 2 104884 1348263 64 90
0.484846 0 10 4 104884 1348263 15 25
0.207788 0 10 0 104884 1348263 10 6
0.591044 0 10 1 104884 1348263 0 15
0.264903 0 3 1 104884 1348263 1 2
0.160799 0 2 0 104884 1348263 0 2
0.528174 0 10 4 104884 1348263 194 14
0.38969899999999996 0 10 0 104884 1348263 0 21
1.2628700000000002 8 10 5 104884 1348263 103 29
0.167139 0 5 0 104884 1348263 0 5
0.304875 0 10 0 104884 1348263 0 19
0.260853 0 7 1 104884 1348263 0 10
1.9839799999999999 9 10 5 104884 1348263 14 25
0.45058000000000004 0 10 4 104884 1348263 41 2
0.167417 0 3 0 104884 1348263 0 3
0.40982799999999997 0 10 0 104884 1348263 15 16
0.152314 0 1 0 104884 1348263 0 1
0.205021 0 5 0 104884 1348263 0 5
0.367518 1 5 0 104884 1348263 0 6
0.178277 0 2 0 104884 1348263 0 2
0.16303499999999999 0 1 0 104884 1348263 0 1
0.155084 0 1 0 104884 1348263 0 1
0.424361 0 10 4 104884 1348263 0 38
1.0 0 2 0 1264334 2 1 1
0.384195 0 6 3 104884 1348263 0 10
0.204583 0 6 0 104884 1348263 1 5
0.404911 0 4 1 104884 1348263 0 6
0.156682 0 1 0 104884 1348263 0 1
0.649791 0 10 3 104884 1348263 0 59
0.24521199999999999 0 8 0 104884 1348263 0 10
0.186703 0 2 0 104884 1348263 0 2
0.252626 0 8 2 104884 1348263 3 8
6.25606 144 10 9 104884 1348263 434 131
0.480455 0 10 6 104884 1348263 0 30
0.34516199999999997 0 8 3 104884 1348263 2 10
0.32066100000000003 0 10 0 104884 1348263 9 11
0.275028 0 7 0 104884 1348263 0 7
0.187643 0 9 0 104884 1348263 0 9
0.372719 0 10 0 104884 1348263 0 30
1.29544 9 10 2 104884 1348263 76 58
0.255067 0 6 0 104884 1348263 0 8
0.223452 0 2 0 104884 1348263 0 3
0.170585 0 4 0 104884 1348263 0 4
0.366777 0 3 0 104884 1348263 0 5
0.291647 0 3 0 104884 1348263 0 4
0.305053 0 9 2 104884 1348263 0 11
0.6 0 10 0 104884 1348263 10 34
0.514043 0 10 3 104884 1348263 0 32
0.22138899999999997 0 10 0 104884 1348263 0 12
0.753378 1 10 3 104884 1348263 22 28
0.276595 0 10 4 104884 1348263 9 14
0.336848 0 8 5 104884 1348263 0 12
0.165338 0 1 0 104884 1348263 0 1
0.221189 0 8 1 104884 1348263 0 9
0.159808 0 2 2 104884 1348263 2 1
0.44491499999999995 0 10 5 104884 1348263 2 34
0.32056599999999996 0 10 0 104884 1348263 0 24
0.17025 0 2 0 104884 1348263 0 2
0.885534 0 10 0 104884 1348263 0 67
0.152314 0 1 0 104884 1348263 0 1
1.1939 0 10 1 104884 1348263 0 37
0.249165 0 3 2 104884 1348263 0 5
0.316884 0 10 6 104884 1348263 1 19
0.16025599999999998 0 1 0 104884 1348263 0 1
2.14716 1 10 6 104884 1348263 2 32
0.173396 0 4 0 104884 1348263 0 4
0.163079 0 2 0 104884 1348263 0 2
0.326966 0 10 0 104884 1348263 15 7
0.159808 0 1 0 104884 1348263 0 1
0.257284 0 10 1 104884 1348263 28 2
0.152314 0 1 0 104884 1348263 0 1
0.316949 0 7 0 104884 1348263 0 9
0.24298000000000003 0 5 4 104884 1348263 1 4
0.501684 0 9 2 104884 1348263 0 18
0.282823 0 5 0 104884 1348263 4 3
0.165338 0 1 0 104884 1348263 0 1
1.17107 0 10 3 104884 1348263 0 73
1.51492 7 10 9 104884 1348263 38 71
0.219761 0 7 0 104884 1348263 0 8
0.322292 1 7 4 104884 1348263 0 9
0.41474300000000003 1 10 0 104884 1348263 3 20
1.40393 0 10 0 104884 1348263 42 73
0.552063 0 10 0 104884 1348263 30 11
6.53569 1 10 5 104884 1348263 409 204
0.22509400000000002 0 10 0 104884 1348263 2 11
0.197783 0 6 0 104884 1348263 0 6
0.339942 0 10 2 104884 1348263 5 8
0.18906099999999998 0 4 0 104884 1348263 0 4
0.15 0 3 1 104884 1348263 4 0
0.16303499999999999 0 1 0 104884 1348263 0 1
0.223759 0 7 0 104884 1348263 0 10
0.16348800000000002 0 2 0 104884 1348263 0 2
0.201155 0 7 3 104884 1348263 0 7
0.23363 0 5 0 104884 1348263 0 5
0.181969 0 4 0 104884 1348263 0 4
0.21689699999999998 0 1 0 104884 1348263 0 1
0.152314 0 1 0 104884 1348263 0 1
0.16665 0 6 0 104884 1348263 0 6
0.194304 0 8 0 104884 1348263 0 8
0.15 0 4 0 104884 1348263 4 0
0.215006 0 3 3 104884 1348263 0 5
0.475045 0 6 2 104884 1348263 8 7
0.187146 0 7 0 104884 1348263 4 3
0.28826999999999997 0 7 0 104884 1348263 0 9
0.152314 0 1 0 104884 1348263 0 1
0.1575 0 1 0 104884 1348263 0 1
0.320959 0 10 2 104884 1348263 8 10
0.860361 0 10 11 104884 1348263 0 115
0.35182800000000003 0 10 2 104884 1348263 20 5
1.41725 3 10 8 104884 1348263 0 87
2.5320400000000003 0 10 0 104884 1348263 3 23
0.29433000000000004 0 8 0 104884 1348263 4 7
0.38847800000000005 0 10 6 104884 1348263 0 39
0.202753 0 10 0 104884 1348263 0 12
0.15 0 4 1 104884 1348263 4 0
0.28876599999999997 0 10 0 104884 1348263 6 11
0.953765 4 10 0 104884 1348263 7 38
0.17538399999999998 0 4 0 104884 1348263 0 4
0.442841 0 10 0 104884 1348263 0 18
0.222617 0 8 0 104884 1348263 0 8
1.2343600000000001 3 10 4 104884 1348263 73 40
0.161581 0 2 0 104884 1348263 0 2
0.356198 0 4 0 104884 1348263 0 5
0.6516930000000001 0 10 2 104884 1348263 5 22
0.5129239999999999 0 10 5 104884 1348263 3 15
0.15 0 1 0 104884 1348263 1 0
0.22605100000000003 0 10 0 104884 1348263 2 10
0.432943 0 10 1 104884 1348263 4 11
0.301361 0 2 0 104884 1348263 0 2
0.301762 0 6 2 104884 1348263 0 11
1.5387899999999999 0 10 5 104884 1348263 0 99
0.210588 0 7 0 104884 1348263 0 8
0.9696889999999999 0 10 3 104884 1348263 40 30
0.42928900000000003 1 10 2 104884 1348263 1 22
0.167382 0 4 0 104884 1348263 0 4
0.549022 2 10 8 104884 1348263 0 38
0.152314 0 1 0 104884 1348263 0 1
0.295786 0 5 3 104884 1348263 0 8
0.687333 5 10 6 104884 1348263 3 12
0.16303499999999999 0 1 0 104884 1348263 0 1
0.2775 0 1 0 1810146 2 0 1
0.162098 0 4 0 104884 1348263 0 4
0.9747450000000001 2 10 2 104884 1348263 34 36
0.527899 1 10 1 104884 1348263 9 13
0.22925900000000002 0 4 0 104884 1348263 0 5
0.15 0 3 1 104884 1348263 3 0
0.23680900000000002 0 9 2 104884 1348263 12 9
0.22090300000000002 0 8 1 104884 1348263 5 5
0.220951 0 7 0 104884 1348263 0 9
1.9303599999999999 2 10 8 104884 1348263 19 103
0.751667 0 6 4 104884 1348263 0 17
0.9128059999999999 0 10 0 104884 1348263 26 40
0.163981 0 3 0 104884 1348263 0 3
0.264164 0 10 3 104884 1348263 1 9
0.171978 0 2 0 104884 1348263 0 2
0.182808 0 4 0 104884 1348263 0 4
0.6862779999999999 0 6 1 104884 1348263 8 5
0.16868699999999998 0 2 1 104884 1348263 11 2
0.204285 0 5 0 104884 1348263 0 6
0.249621 0 6 0 104884 1348263 4 3
0.159179 0 1 0 104884 1348263 0 1
0.17890599999999998 0 4 0 104884 1348263 0 4
0.159808 0 1 0 104884 1348263 0 1
0.426788 0 10 1 104884 1348263 0 17
0.165338 0 1 0 104884 1348263 0 1
0.21681599999999998 0 10 1 104884 1348263 0 13
0.658434 0 10 5 104884 1348263 0 45
0.275845 1 10 0 104884 1348263 11 18
0.32965 0 10 0 104884 1348263 1 14
0.16128699999999999 0 3 0 104884 1348263 0 3
0.177559 0 6 1 104884 1348263 0 6
0.208288 0 4 0 104884 1348263 0 4
0.29677800000000004 0 6 0 104884 1348263 0 6
0.29851700000000003 0 9 3 104884 1348263 0 11
0.42863900000000005 0 10 0 104884 1348263 0 30
0.366816 0 2 0 104884 1348263 0 4
0.237081 0 10 3 104884 1348263 0 15
0.415079 0 5 2 104884 1348263 0 10
0.693274 0 10 2 104884 1348263 0 27
0.210108 0 1 1 104884 1348263 0 1
0.53335 0 10 3 104884 1348263 2 21
0.268804 0 10 0 104884 1348263 4 12
0.2424 0 9 1 104884 1348263 5 8
0.895308 0 10 0 104884 1348263 0 42
0.210689 0 4 0 104884 1348263 0 5
0.169742 0 2 2 104884 1348263 2 1
1.2273100000000001 0 10 3 104884 1348263 139 24
0.225104 0 5 2 104884 1348263 0 6
0.167241 0 2 0 104884 1348263 0 2
0.156682 0 1 0 104884 1348263 0 1
0.338405 1 7 1 104884 1348263 0 8
0.333719 0 9 4 104884 1348263 0 16
0.171139 0 2 0 104884 1348263 0 2
0.22393000000000002 0 7 0 104884 1348263 0 8
0.172255 0 4 0 104884 1348263 0 4
0.442999 0 10 0 104884 1348263 0 15
1.2295200000000002 0 10 6 104884 1348263 32 15
0.18094200000000002 0 5 0 104884 1348263 0 5
0.19446300000000002 0 4 0 104884 1348263 0 4
0.275483 0 10 0 104884 1348263 0 16
0.324427 0 8 0 104884 1348263 0 11
0.178044 0 4 0 104884 1348263 0 4
0.179924 0 4 0 104884 1348263 0 4
0.333449 0 4 0 104884 1348263 0 5
0.19272 0 4 1 104884 1348263 0 4
0.156682 0 1 0 104884 1348263 0 1
0.16303499999999999 0 1 0 104884 1348263 0 1
0.749279 10 10 3 104884 1348263 37 21
0.309285 0 10 5 104884 1348263 0 15
3.1282099999999997 0 10 2 104884 1348263 272 87
0.15 0 2 1 104884 1348263 3 0
0.152314 0 1 0 104884 1348263 0 1
0.587975 0 10 3 104884 1348263 14 15
0.416444 0 10 6 104884 1348263 5 22
0.73052 0 10 2 104884 1348263 6 15
0.376322 0 10 2 104884 1348263 0 28
0.496432 0 10 4 104884 1348263 13 16
0.35686799999999996 0 10 6 104884 1348263 0 23
0.20960700000000002 0 7 0 104884 1348263 0 8
0.263786 0 10 0 104884 1348263 0 12
0.16430799999999998 0 2 0 104884 1348263 0 2
0.159179 0 1 0 104884 1348263 0 1
1.07827 0 10 11 104884 1348263 0 59
0.36546 0 10 6 104884 1348263 0 22
0.24263200000000001 0 4 1 104884 1348263 0 5
0.259392 0 10 0 104884 1348263 8 14
1.01235 0 10 1 104884 1348263 26 29
0.165338 0 1 0 104884 1348263 0 1
0.226868 0 3 0 104884 1348263 0 4
0.27258000000000004 0 10 0 104884 1348263 0 13
0.182317 0 2 0 104884 1348263 0 2
0.855656 0 10 7 104884 1348263 3 29
0.178387 0 7 0 104884 1348263 0 7
0.159808 0 1 0 104884 1348263 0 1
0.422231 0 10 3 104884 1348263 35 7
0.18573299999999998 0 7 0 104884 1348263 8 5
0.235 0 2 0 104884 1348263 0 2
0.168285 0 3 0 104884 1348263 0 3
0.16649 0 3 1 104884 1348263 0 3
0.21034099999999997 0 7 1 104884 1348263 0 8
0.18149200000000001 0 9 0 104884 1348263 0 9
1.51594 3 10 5 104884 1348263 0 73
0.255879 0 3 2 104884 1348263 0 6
1.28509 0 10 2 104884 1348263 2 14
0.847793 0 10 3 104884 1348263 26 31
1.00136 0 10 0 104884 1348263 0 75
0.421155 0 10 1 104884 1348263 39 9
0.211398 0 5 0 104884 1348263 0 6
0.31346799999999997 0 10 0 104884 1348263 0 18
0.290538 0 8 0 104884 1348263 1 8
0.18318199999999998 0 3 0 104884 1348263 0 3
0.21556 0 5 2 104884 1348263 0 7
0.181875 0 1 0 104884 1348263 0 1
0.251395 0 9 0 104884 1348263 4 7
0.34516399999999997 0 10 3 104884 1348263 0 26
0.343639 0 8 0 104884 1348263 0 11
0.274372 0 6 2 104884 1348263 0 7
0.883569 0 10 5 104884 1348263 0 45
0.17268599999999998 0 4 0 104884 1348263 2 2
0.20726599999999998 0 8 0 104884 1348263 0 12
0.217848 0 3 2 104884 1348263 0 3
0.47561800000000004 0 10 8 104884 1348263 5 21
0.16611800000000002 0 5 0 104884 1348263 0 5
0.9254180000000001 0 10 4 104884 1348263 0 74
1.46102 7 10 5 104884 1348263 94 46
0.23545100000000002 0 10 0 104884 1348263 0 11
0.227372 0 5 0 104884 1348263 0 5
0.6287590000000001 0 10 0 104884 1348263 22 20
0.156682 0 1 0 104884 1348263 0 1
0.16072999999999998 0 3 0 104884 1348263 0 3
0.20744400000000002 0 5 0 104884 1348263 0 5
0.17683800000000002 0 5 2 104884 1348263 0 5
0.152314 0 1 0 104884 1348263 0 1
0.16841 0 3 0 104884 1348263 0 3
0.200906 0 9 0 104884 1348263 0 9
0.156452 0 2 0 104884 1348263 0 2
0.377924 0 9 2 104884 1348263 0 12
0.21488600000000002 0 9 0 104884 1348263 0 9
1.10439 0 10 5 104884 1348263 0 57
0.305219 0 10 0 104884 1348263 0 14
0.8856350000000001 0 10 3 104884 1348263 0 35
0.16761199999999998 0 4 0 104884 1348263 0 4
0.16458299999999998 0 2 0 104884 1348263 0 2
0.5232439999999999 0 10 1 104884 1348263 31 33
0.261942 0 5 1 104884 1348263 2 3
0.330821 0 5 3 104884 1348263 0 7
0.165338 0 1 0 104884 1348263 0 1
1.1086 0 10 8 104884 1348263 61 56
0.159808 0 1 0 104884 1348263 0 1
0.621394 0 10 7 104884 1348263 0 32
1.94924 0 10 5 104884 1348263 0 57
0.266761 0 10 0 104884 1348263 28 12
0.386745 0 10 0 104884 1348263 0 26
0.212269 0 9 1 104884 1348263 9 7
0.156682 0 1 0 104884 1348263 0 1
0.224823 0 2 2 104884 1348263 1 2
0.234616 0 5 0 104884 1348263 0 6
0.168987 0 2 0 104884 1348263 0 2
0.725999 2 10 0 104884 1348263 5 42
0.263924 0 9 0 104884 1348263 0 10
0.170258 0 5 0 104884 1348263 0 5
0.165338 0 2 0 104884 1348263 1 1
0.152314 0 1 0 104884 1348263 0 1
0.746958 0 10 8 104884 1348263 58 27
0.89397 0 10 0 104884 1348263 0 39
0.36638000000000004 0 6 0 104884 1348263 0 9
0.24500500000000003 0 5 2 104884 1348263 3 2
0.158216 0 2 0 104884 1348263 0 2
0.304973 0 7 0 104884 1348263 0 10
0.37337 0 6 0 104884 1348263 2 4
0.410625 0 10 6 104884 1348263 0 39
0.321548 1 10 1 104884 1348263 8 3
4.89607 83 10 11 104884 1348263 184 164
0.207686 0 8 1 104884 1348263 7 2
0.272363 0 10 0 104884 1348263 2 16
0.173341 0 3 0 104884 1348263 0 3
1.44879 0 10 6 104884 1348263 0 45
1.8530400000000002 0 10 1 104884 1348263 82 57
0.388094 0 10 0 104884 1348263 0 41
1.65881 46 10 3 104884 1348263 87 73
0.246748 0 4 0 104884 1348263 0 4
1.05965 37 10 4 104884 1348263 36 37
0.165338 0 1 0 104884 1348263 0 1
0.682901 0 10 2 104884 1348263 11 22
0.15304500000000001 0 8 1 104884 1348263 24 2
1.0356299999999998 0 10 2 104884 1348263 9 13
0.561102 0 10 9 104884 1348263 0 46
0.284105 0 10 0 104884 1348263 0 20
0.17886400000000002 0 4 0 104884 1348263 0 4
0.152314 0 1 0 104884 1348263 0 1
0.387415 0 10 1 104884 1348263 8 12
0.228694 0 10 0 104884 1348263 0 11
0.183657 0 3 0 104884 1348263 0 3
0.798562 0 10 7 104884 1348263 0 35
0.8715799999999999 0 10 6 104884 1348263 0 44
0.181051 0 5 0 104884 1348263 0 5
0.22973400000000002 0 5 0 104884 1348263 0 5
0.159808 0 1 0 104884 1348263 0 1
0.730115 0 10 8 104884 1348263 0 39
816 
24 3546152
24 2898837
24 2624821
24 3081813
24 4801112
24 3540503
24 2592104
24 1391917
24 1654343
24 2998684
24 3954675
24 1839100
24 384151
24 1354123
24 2614030
24 1449974
46 1029384
46 308280
53 3116514
53 2436357
53 1648415
53 5326111
53 20569
53 718206
53 3968113
53 3383016
53 1648415
53 3383016
53 3968113
53 718206
53 20569
53 5326111
53 2436357
53 3116514
53 5231117
53 1648415
53 5231117
53 3116514
53 2436357
53 5326111
53 1648415
53 5231117
53 5326111
53 2436357
53 3116514
53 3383016
53 3968113
53 718206
53 20569
60 2505670
60 4153866
60 3347680
60 4467702
60 1807284
60 1911142
60 3110808
60 1766593
60 2975953
60 4155652
60 4058227
60 4627108
60 5476049
60 4691735
60 2953088
60 3629830
60 433962
60 1575066
60 423643
60 82305
60 5078801
106 466947
114 364871
128 4621533
128 1562536
128 5165922
128 1590636
150 1982261
150 1338088
150 4339842
150 1758205
150 84427
150 4998249
150 631594
150 4339842
150 575891
150 4339842
150 2391414
150 4469232
150 1771061
150 575891
150 1771061
150 1713067
150 2391414
150 4339842
150 185335
150 4998249
150 4339842
150 4469232
150 5058218
150 1982261
150 575891
150 3002173
150 2391414
150 4214296
150 251784
150 4339842
150 2391414
150 584571
150 637234
150 4214296
150 575891
156 1078266
194 3451178
194 2990001
204 4381097
208 3697290
208 2919618
208 5218716
208 2480630
208 782571
208 3967723
208 624456
208 1976193
208 2751380
208 3566624
208 5549586
208 4909006
208 2986232
208 260620
208 2378740
208 823808
208 4411978
208 3468531
208 4451553
208 5385123
208 2082267
208 1559299
208 5080796
208 2958211
208 4761271
208 1544381
208 2109482
208 2976310
208 2275865
208 1398169
208 1048003
208 3644891
208 3100540
208 2699353
208 2234152
208 597826
208 4490378
208 488165
208 4226394
208 921733
208 4223670
225 1541122
225 5017646
249 1455421
249 4893063
249 2501041
249 875182
249 3096614
249 2267627
249 4511253
249 995154
249 3109496
249 4511253
249 525042
249 1833763
249 3850157
249 2272873
249 1901898
249 3291621
249 138499
249 2506407
249 2253172
249 2984610
249 4017274
249 1252692
249 5109055
249 5336568
249 2390138
249 2730443
249 3411364
249 4317417
249 194075
249 1336610
249 1675229
249 4942858
249 4377218
249 4409218
249 1277475
249 5293887
249 3556444
249 2405764
249 3954884
249 2113192
249 3574411
249 2579663
249 3349697
249 4516932
249 1782899
249 3981221
249 843364
249 3240381
249 2887327
249 2282180
249 5214264
249 3451405
249 1886550
249 3510962
249 2795070
249 1304982
249 3767757
249 3653555
249 1430922
249 5410205
249 1540769
249 5444371
249 1009278
249 3255913
249 3564134
249 658961
249 148864
249 3606303
249 3070368
249 4158878
249 4169190
249 500952
249 1055967
249 64499
249 2638535
249 3010517
249 2496607
249 2523068
249 493902
249 4595365
249 861687
249 4769851
249 4812636
249 5109626
249 3794824
249 4483135
249 2794212
249 2487134
249 5426330
249 3756431
249 5199297
249 5295055
249 871630
249 3080550
249 3349697
249 2405764
249 4317417
249 3574411
249 4867028
249 998935
249 5408081
249 3910572
249 3686846
249 3228128
249 4373501
249 2156717
249 628093
249 5180965
249 3471431
249 1683196
249 3700820
249 4054987
249 2981714
249 5247783
249 4695670
249 1381148
249 3643750
249 5565853
249 2752559
249 3760939
249 5149669
249 594801
249 3692188
249 1306400
249 2240820
249 3702370
249 1063813
249 1850403
249 323916
249 2149010
249 3757631
249 2880103
249 3024102
249 604014
249 2152924
249 1103234
249 4868146
249 5451340
249 3543398
249 3471431
249 803618
249 4054987
249 3451573
249 1435362
249 2923655
249 5578885
249 723928
249 2538278
249 5029577
249 2191346
249 3600991
249 148749
249 4842532
249 1198962
249 2648063
249 1026013
249 4053083
249 3381824
249 2886815
249 4385270
249 4664115
249 406568
249 4175194
249 4123457
249 1533533
249 666783
249 1207882
249 3226538
249 1248637
249 2127163
249 5448299
249 4141245
249 155027
249 3223052
249 5426386
249 4078771
249 4447766
249 4915739
249 2299910
249 3733320
249 5270166
249 5450377
249 1405124
249 4891157
249 3476169
249 1426654
249 768764
249 966661
249 1539063
249 2190768
249 1298787
249 3197874
249 4230214
249 1674537
255 19436
255 2912245
255 3133412
255 1694051
255 4137240
255 1390299
255 469733
255 3175827
255 3728841
255 1881859
255 2619572
272 2254318
278 535429
278 917454
278 2199268
278 1291296
278 2056873
278 3110196
278 1079951
278 767706
278 5422411
278 917454
278 1291296
278 5422411
278 3110196
278 2199268
278 767706
278 2848075
278 917454
278 725615
278 1291296
278 3110196
278 2199268
278 1291296
278 725615
278 917454
278 3110196
278 1291296
278 725615
278 2486445
278 917454
278 3110196
278 917454
278 3110196
278 725615
278 767706
278 2486445
296 3880061
296 3076436
296 1235715
299 1083526
299 4350248
299 3871711
299 2120554
299 5378706
299 1218627
299 3600285
299 3570359
299 1468935
299 1931747
299 1926485
299 2457599
299 2754239
322 375127
322 1866022
322 5088439
322 3586800
322 2519888
322 1051783
322 646961
322 1306576
322 5302478
322 2987078
322 3636203
322 945538
322 2548767
322 1013593
322 4130252
322 3680731
322 3246906
322 700848
322 2694610
322 1013593
322 4672444
322 1613365
322 3486744
322 3253977
322 1054130
322 4775081
322 4754469
322 2548767
322 4254523
322 3695027
322 2217776
322 163607
322 2504153
322 721674
322 1879266
322 3193168
322 4775081
322 1013593
322 5259328
322 3331979
322 2752210
322 4364411
322 5402482
322 1531205
322 1101201
340 1993371
340 5447510
340 4324345
340 5447510
340 4093572
340 2857571
340 764680
353 617680
353 1914202
353 1319508
353 836140
375 3545251
375 3963807
375 1220171
376 451885
384 653707
384 653707
384 1682481
399 3234390
399 4663229
399 3032654
399 2396610
399 5332482
399 883438
399 2859345
399 1137122
399 4593740
399 4250292
399 2807383
399 4178112
399 1121037
399 207242
399 2480082
399 3804680
399 3198557
399 4033980
399 2109700
399 5343208
399 3312161
399 3720581
399 2090793
399 2827022
399 2388933
399 4917847
399 1955929
399 3152712
399 2073220
399 758836
399 3764275
399 2402649
399 3506521
399 5504310
399 4726180
399 619596
399 2059340
399 988366
399 2300618
407 1190317
407 3942512
424 4226539
430 441688
430 3936237
430 1134854
446 1458427
465 4049013
465 4810646
465 2818501
465 3205387
494 2394573
504 1450309
514 805770
514 4820652
514 805770
514 805770
514 3198006
514 5192106
514 841067
514 805770
514 4715385
514 3198006
514 805770
514 841067
514 5192106
514 3198006
514 841067
520 1147315
520 1663379
520 3616150
520 3616150
520 4865724
520 1487765
520 1869395
520 173673
520 1393445
520 2148042
520 5317336
520 2789544
520 202409
531 2966462
531 2350776
531 2350776
531 3007336
531 4550847
531 5557782
531 403675
556 3734790
556 582649
556 2990733
556 4572226
592 1050780
592 2254770
592 1905117
597 505648
597 3042614
597 3747027
597 4684943
607 5308370
607 4758288
607 2331816
607 945646
607 2908920
607 374177
607 1841859
607 2454919
607 5598818
607 4209860
607 707760
607 5098283
607 5599138
607 5414052
607 3553461
607 4139661
607 3930118
607 306690
607 5061932
607 90174
607 3394898
607 2989578
607 3214144
607 1756473
607 579616
607 2668314
607 2557939
607 2857858
607 4240198
607 3091039
607 2628548
607 3084826
607 3154172
607 3796530
607 2435485
607 3762818
607 3442240
607 4708383
607 2792981
614 316982
622 670600
622 373797
622 5125832
622 5110207
622 3405054
622 670600
622 670600
622 670600
624 3683525
626 4666204
626 3770519
626 3396815
626 3231797
631 4357876
642 5040268
642 4615783
642 2147840
642 4615783
642 5040268
644 4630531
644 984579
644 3950402
644 2215348
644 2987040
644 204340
644 1129751
644 1404598
644 351318
644 1075340
644 4630531
644 3854292
644 5261968
644 2240181
644 1624992
644 665271
644 5141997
644 5372301
644 665271
644 1441102
644 2140826
644 2987040
644 4525705
644 5396872
644 4630531
644 3854292
644 5068704
644 1914080
649 3800179
649 549959
649 4109527
649 820279
649 2064351
649 948599
650 5567616
650 1943835
650 3044490
650 4487723
650 321127
650 1567188
650 4363449
650 1943835
650 5567616
650 3044490
650 1488472
650 1771058
650 978620
650 4363449
650 3044490
650 1488472
650 379167
650 2321398
650 5567616
650 255917
650 1355716
650 3639498
650 1176630
650 5567616
650 1488472
650 3125113
650 2552106
650 3639498
650 4497851
650 1788604
650 2596191
650 1003477
650 626485
650 2381926
650 4363449
650 379167
650 225608
651 2461804
651 3779101
651 4055773
651 1018726
651 2394662
651 2002132
651 1197687
651 2246268
651 2909995
651 4302626
651 1809457
651 5294620
651 411816
651 701386
651 4344287
651 3312669
651 4074648
651 1779435
651 3118337
651 2893271
651 4531374
651 337852
651 3657250
651 2739862
651 3295097
651 5587133
651 39644
651 4465194
651 4767927
651 3768722
651 4833214
651 1277419
651 237195
651 2324482
651 3176322
651 1707254
651 5391981
651 3512148
651 2332782
651 2526459
651 4597961
651 2480206
651 2170566
651 2816387
651 4176250
651 5570047
651 3529049
651 1375415
651 4071559
651 2703149
651 4824725
651 3567175
651 1575627
651 2871328
651 3919951
651 3854898
651 5039993
651 2718264
651 4232318
651 1666208
651 1614466
651 3086710
651 3778370
651 3640350
651 320894
651 4183588
651 453786
651 5145773
651 5075079
651 1018726
651 3643966
651 510658
651 5169449
651 3115372
651 107579
651 4381018
651 334267
651 4992586
651 3820430
651 3839634
651 2933475
651 4851217
651 3865675
651 4741651
651 5174335
651 1321900
651 4258617
651 4563588
651 2840989
651 4231010
651 4266725
651 328635
651 331414
651 4611324
651 2324622
651 4833214
651 1121244
651 3168673
651 1888166
651 354402
651 3448686
651 3180694
651 31291
651 1745393
651 513800
651 1552601
669 5552691
669 3818104
669 3818104
669 798942
3110808 4058227 4691735 1758205 84427 4998249 631594 2391414 1713067 251784 208 4451553 5385123 2082267 2958211 2699353 597826 4490378 4226394 921733 4223670 1541122 875182 2272873 2506407 1336610 4409218 3954884 3981221 3240381 3653555 3564134 658961 148864 1055967 2523068 4595365 4812636 4483135 3756431 3910572 4373501 3471431 1683196 2981714 2240820 3757631 2880103 3024102 2152924 1103234 4868146 5451340 3543398 803618 3451573 2191346 3600991 4053083 4385270 1248637 4078771 2299910 3733320 5450377 3476169 1426654 1539063 2190768 2619572 2987078 700848 2694610 4754469 3193168 5259328 4324345 764680 617680 1319508 836140 1190317 4226539 4049013 4810646 841067 1147315 2148042 2966462 2350776 4550847 403675 3734790 607 316982 204340 665271 5141997 2140826 321127 1567188 2552106 2246268 4344287 2332782 2170566 4851217 3448686 
1 2 3 4 5 6 7 8 