#################################################################
#APDM Input Graph, this input graph includes 3 sections:
#section1 : general information
#section2 : nodes
#section3 : edges
#section4 : trueSubGraph (Optional)
#
#if nodes haven't information set weight to null
#################################################################
SECTION1 (General Information)
numNodes = 419
numEdges = 1086
usedAlgorithm = null
dataSource = MultiVarDataSet
numOfFeatures = 8
truth_features = null
END
#################################################################
SECTION2 (Nodes Information)
NodeID 2_pagerank 2_triangle_count 2_core_id 2_color_id 2_component_id 2_component_size 2_out_degree 2_in_degree
5379701 0.164417 0.000000 2.000000 0.000000 654110.000000 982462.000000 0.000000 2.000000
3291810 1.815130 87.000000 10.000000 1.000000 654110.000000 982462.000000 14.000000 74.000000
4517320 1.775230 87.000000 10.000000 4.000000 654110.000000 982462.000000 27.000000 49.000000
5599411 0.213750 0.000000 1.000000 0.000000 49900.000000 3.000000 0.000000 1.000000
1464982 1.907850 0.000000 10.000000 3.000000 654110.000000 982462.000000 55.000000 66.000000
1771061 1.412040 1.000000 10.000000 1.000000 654110.000000 982462.000000 40.000000 26.000000
1766593 0.645424 0.000000 10.000000 4.000000 654110.000000 982462.000000 0.000000 25.000000
4873898 0.460918 0.000000 10.000000 0.000000 654110.000000 982462.000000 4.000000 17.000000
2601451 0.361105 0.000000 5.000000 3.000000 654110.000000 982462.000000 2.000000 5.000000
3491545 0.260870 10.000000 10.000000 0.000000 654110.000000 982462.000000 20.000000 10.000000
1264503 8.836460 118.000000 10.000000 9.000000 654110.000000 982462.000000 312.000000 410.000000
902359 0.461331 0.000000 4.000000 1.000000 654110.000000 982462.000000 0.000000 5.000000
316982 1.194770 0.000000 10.000000 6.000000 654110.000000 982462.000000 264.000000 64.000000
5168233 0.277500 0.000000 1.000000 1.000000 226144.000000 2.000000 0.000000 1.000000
2120554 0.175500 0.000000 1.000000 1.000000 1299235.000000 6.000000 0.000000 1.000000
4353958 0.365533 0.000000 2.000000 1.000000 300635.000000 3.000000 3.000000 1.000000
2234529 0.758115 0.000000 5.000000 2.000000 654110.000000 982462.000000 0.000000 13.000000
1405452 2.086600 13.000000 10.000000 6.000000 654110.000000 982462.000000 70.000000 64.000000
4630531 3.111510 0.000000 10.000000 2.000000 654110.000000 982462.000000 18.000000 40.000000
2037473 1.769180 90.000000 10.000000 2.000000 654110.000000 982462.000000 32.000000 51.000000
376 0.150000 0.000000 2.000000 1.000000 654110.000000 982462.000000 3.000000 0.000000
2511197 1.322430 8.000000 10.000000 3.000000 654110.000000 982462.000000 25.000000 58.000000
3738621 0.167517 0.000000 1.000000 0.000000 654110.000000 982462.000000 0.000000 1.000000
321127 0.624194 6.000000 10.000000 5.000000 654110.000000 982462.000000 28.000000 26.000000
1484693 0.239350 0.000000 5.000000 2.000000 654110.000000 982462.000000 0.000000 5.000000
3756431 0.516904 0.000000 2.000000 0.000000 654110.000000 982462.000000 0.000000 2.000000
3525772 0.580719 7.000000 10.000000 1.000000 654110.000000 982462.000000 20.000000 15.000000
3564507 0.415718 0.000000 2.000000 1.000000 654110.000000 982462.000000 0.000000 6.000000
3205387 0.188508 0.000000 2.000000 0.000000 654110.000000 982462.000000 1.000000 1.000000
415 0.593905 0.000000 10.000000 1.000000 654110.000000 982462.000000 23.000000 17.000000
5150654 0.441346 0.000000 10.000000 0.000000 654110.000000 982462.000000 0.000000 18.000000
278667 0.272091 0.000000 3.000000 0.000000 654110.000000 982462.000000 0.000000 6.000000
4916848 2.238970 27.000000 10.000000 5.000000 654110.000000 982462.000000 135.000000 77.000000
4948604 0.759536 0.000000 10.000000 1.000000 654110.000000 982462.000000 25.000000 7.000000
504 0.316545 2.000000 10.000000 0.000000 654110.000000 982462.000000 26.000000 7.000000
47 0.618181 0.000000 10.000000 0.000000 654110.000000 982462.000000 3.000000 15.000000
4799862 0.330928 0.000000 10.000000 0.000000 654110.000000 982462.000000 0.000000 11.000000
2999027 1.362270 64.000000 10.000000 0.000000 654110.000000 982462.000000 24.000000 45.000000
3335900 0.175500 0.000000 1.000000 0.000000 654110.000000 982462.000000 0.000000 1.000000
2976028 8.294810 2.000000 10.000000 3.000000 654110.000000 982462.000000 47.000000 168.000000
3904460 0.154232 0.000000 1.000000 0.000000 654110.000000 982462.000000 0.000000 1.000000
3897251 0.827968 0.000000 10.000000 2.000000 654110.000000 982462.000000 27.000000 23.000000
3895523 0.331273 0.000000 10.000000 0.000000 654110.000000 982462.000000 0.000000 12.000000
3002173 0.586861 0.000000 3.000000 1.000000 654110.000000 982462.000000 0.000000 3.000000
3197072 2.490460 49.000000 10.000000 3.000000 654110.000000 982462.000000 74.000000 89.000000
584571 0.776215 8.000000 10.000000 0.000000 654110.000000 982462.000000 30.000000 28.000000
3893538 0.282392 0.000000 5.000000 0.000000 654110.000000 982462.000000 0.000000 6.000000
3808830 0.171666 0.000000 3.000000 0.000000 654110.000000 982462.000000 0.000000 3.000000
2789544 2.674630 63.000000 10.000000 1.000000 654110.000000 982462.000000 63.000000 82.000000
2990733 0.165954 0.000000 1.000000 1.000000 654110.000000 982462.000000 0.000000 1.000000
5392394 0.375174 0.000000 7.000000 1.000000 654110.000000 982462.000000 7.000000 3.000000
4531661 0.458228 0.000000 7.000000 2.000000 654110.000000 982462.000000 3.000000 6.000000
2878180 6.752600 34.000000 10.000000 4.000000 654110.000000 982462.000000 2.000000 110.000000
2873364 0.347179 12.000000 10.000000 1.000000 654110.000000 982462.000000 26.000000 11.000000
605059 1.959090 0.000000 10.000000 3.000000 654110.000000 982462.000000 38.000000 86.000000
2090253 2.129950 0.000000 5.000000 1.000000 654110.000000 982462.000000 3.000000 2.000000
2065737 30.418200 2799.000000 10.000000 6.000000 654110.000000 982462.000000 1105.000000 5247.000000
3013094 7.241050 0.000000 10.000000 2.000000 654110.000000 982462.000000 25.000000 367.000000
2783388 1.542030 3.000000 10.000000 3.000000 654110.000000 982462.000000 76.000000 56.000000
986035 0.361369 0.000000 10.000000 0.000000 654110.000000 982462.000000 33.000000 10.000000
2828612 0.284246 0.000000 7.000000 1.000000 654110.000000 982462.000000 3.000000 6.000000
1648415 1.636090 0.000000 10.000000 4.000000 654110.000000 982462.000000 45.000000 79.000000
4885769 0.571865 0.000000 5.000000 0.000000 654110.000000 982462.000000 0.000000 10.000000
624 0.785213 0.000000 10.000000 4.000000 654110.000000 982462.000000 18.000000 13.000000
4783409 0.553715 0.000000 10.000000 0.000000 654110.000000 982462.000000 19.000000 34.000000
1078266 0.277500 0.000000 1.000000 1.000000 975253.000000 3.000000 1.000000 1.000000
2550792 0.442861 0.000000 10.000000 1.000000 654110.000000 982462.000000 5.000000 13.000000
1468935 0.175500 0.000000 1.000000 1.000000 1299235.000000 6.000000 0.000000 1.000000
4469232 0.422047 5.000000 10.000000 0.000000 654110.000000 982462.000000 18.000000 17.000000
2097297 2.720380 42.000000 10.000000 2.000000 654110.000000 982462.000000 432.000000 160.000000
3452981 0.699950 0.000000 5.000000 2.000000 654110.000000 982462.000000 0.000000 12.000000
1174578 1.526500 103.000000 10.000000 0.000000 654110.000000 982462.000000 86.000000 59.000000
639977 0.596101 0.000000 10.000000 2.000000 654110.000000 982462.000000 17.000000 12.000000
1193189 0.220279 0.000000 1.000000 0.000000 654110.000000 982462.000000 1.000000 1.000000
2832920 2.029080 35.000000 10.000000 6.000000 654110.000000 982462.000000 99.000000 89.000000
320 0.150000 0.000000 1.000000 1.000000 654110.000000 982462.000000 1.000000 0.000000
2584436 0.198933 0.000000 1.000000 0.000000 654110.000000 982462.000000 0.000000 1.000000
2921778 2.087870 10.000000 10.000000 3.000000 654110.000000 982462.000000 33.000000 58.000000
2545478 3.575910 13.000000 10.000000 2.000000 654110.000000 982462.000000 24.000000 79.000000
2975953 0.231419 0.000000 10.000000 0.000000 654110.000000 982462.000000 0.000000 13.000000
3211512 1887.850000 31186.000000 10.000000 15.000000 654110.000000 982462.000000 8.000000 82066.000000
5107884 0.694153 0.000000 10.000000 3.000000 654110.000000 982462.000000 46.000000 29.000000
644 0.379894 0.000000 8.000000 0.000000 654110.000000 982462.000000 7.000000 4.000000
2238114 4.993710 95.000000 10.000000 3.000000 654110.000000 982462.000000 5.000000 198.000000
631 0.260792 0.000000 2.000000 0.000000 654110.000000 982462.000000 1.000000 1.000000
571 1.234410 0.000000 10.000000 0.000000 654110.000000 982462.000000 26.000000 44.000000
433 0.197539 0.000000 4.000000 1.000000 654110.000000 982462.000000 2.000000 2.000000
160130 0.401064 0.000000 10.000000 1.000000 654110.000000 982462.000000 13.000000 11.000000
648072 0.157209 0.000000 1.000000 0.000000 654110.000000 982462.000000 0.000000 1.000000
4339842 0.936557 9.000000 10.000000 1.000000 654110.000000 982462.000000 25.000000 48.000000
2232278 1.599320 25.000000 10.000000 4.000000 654110.000000 982462.000000 31.000000 59.000000
154104 0.896772 6.000000 10.000000 1.000000 654110.000000 982462.000000 75.000000 29.000000
1218627 0.175500 0.000000 1.000000 1.000000 1299235.000000 6.000000 0.000000 1.000000
1314055 0.399383 0.000000 7.000000 3.000000 654110.000000 982462.000000 4.000000 5.000000
225608 0.629736 2.000000 10.000000 0.000000 654110.000000 982462.000000 24.000000 21.000000
407 0.378818 0.000000 10.000000 0.000000 654110.000000 982462.000000 17.000000 5.000000
4589036 0.220279 0.000000 1.000000 0.000000 654110.000000 982462.000000 0.000000 1.000000
5581803 1.470890 0.000000 10.000000 3.000000 654110.000000 982462.000000 18.000000 87.000000
743361 1.152470 6.000000 10.000000 3.000000 654110.000000 982462.000000 96.000000 69.000000
3740977 2.216440 18.000000 10.000000 7.000000 654110.000000 982462.000000 143.000000 94.000000
3249392 13.632000 14.000000 10.000000 3.000000 654110.000000 982462.000000 78.000000 124.000000
3224401 0.570314 0.000000 2.000000 1.000000 654110.000000 982462.000000 0.000000 2.000000
2199268 0.437311 0.000000 10.000000 1.000000 654110.000000 982462.000000 6.000000 8.000000
4558404 3.875370 230.000000 10.000000 6.000000 654110.000000 982462.000000 169.000000 157.000000
1474007 0.186587 0.000000 2.000000 0.000000 654110.000000 982462.000000 0.000000 2.000000
4445247 0.175500 0.000000 1.000000 0.000000 654110.000000 982462.000000 0.000000 1.000000
681474 10.884200 281.000000 10.000000 7.000000 654110.000000 982462.000000 463.000000 333.000000
667645 0.437311 0.000000 10.000000 1.000000 654110.000000 982462.000000 3.000000 8.000000
662176 0.281692 0.000000 10.000000 0.000000 654110.000000 982462.000000 9.000000 6.000000
637234 0.414113 0.000000 9.000000 0.000000 654110.000000 982462.000000 0.000000 12.000000
626402 16.466000 689.000000 10.000000 12.000000 654110.000000 982462.000000 546.000000 618.000000
340 0.150000 0.000000 3.000000 1.000000 654110.000000 982462.000000 4.000000 0.000000
5299090 0.180383 0.000000 6.000000 0.000000 654110.000000 982462.000000 0.000000 6.000000
4642852 1.065970 7.000000 10.000000 0.000000 654110.000000 982462.000000 12.000000 15.000000
3585698 0.478631 0.000000 10.000000 2.000000 654110.000000 982462.000000 0.000000 16.000000
5038157 0.157209 0.000000 1.000000 0.000000 654110.000000 982462.000000 0.000000 1.000000
5052877 6.563860 701.000000 10.000000 10.000000 654110.000000 982462.000000 367.000000 259.000000
124758 6.624460 21.000000 10.000000 6.000000 654110.000000 982462.000000 713.000000 239.000000
143 1.260590 0.000000 10.000000 2.000000 654110.000000 982462.000000 39.000000 43.000000
4754667 0.962968 0.000000 10.000000 4.000000 654110.000000 982462.000000 27.000000 24.000000
5516133 1.430500 14.000000 10.000000 3.000000 654110.000000 982462.000000 54.000000 50.000000
1077015 0.722839 48.000000 10.000000 4.000000 654110.000000 982462.000000 21.000000 25.000000
2383622 0.157209 0.000000 1.000000 0.000000 654110.000000 982462.000000 0.000000 1.000000
4357876 0.391022 0.000000 2.000000 1.000000 654110.000000 982462.000000 3.000000 2.000000
507353 0.203758 0.000000 4.000000 0.000000 654110.000000 982462.000000 0.000000 4.000000
5476792 0.162697 1.000000 6.000000 2.000000 654110.000000 982462.000000 3.000000 3.000000
5422411 1.358310 0.000000 10.000000 5.000000 654110.000000 982462.000000 82.000000 52.000000
1760163 0.841175 0.000000 7.000000 3.000000 654110.000000 982462.000000 0.000000 15.000000
2086114 0.382734 0.000000 4.000000 2.000000 654110.000000 982462.000000 0.000000 8.000000
5607240 7.168560 17.000000 10.000000 1.000000 654110.000000 982462.000000 48.000000 159.000000
4546022 0.497586 0.000000 10.000000 1.000000 654110.000000 982462.000000 18.000000 11.000000
106 0.592600 7.000000 10.000000 0.000000 654110.000000 982462.000000 24.000000 16.000000
2210363 0.766369 0.000000 10.000000 3.000000 654110.000000 982462.000000 26.000000 18.000000
4057603 9.450990 362.000000 10.000000 10.000000 654110.000000 982462.000000 711.000000 287.000000
2949336 0.581571 0.000000 10.000000 1.000000 654110.000000 982462.000000 21.000000 19.000000
5470275 0.390837 0.000000 4.000000 2.000000 654110.000000 982462.000000 0.000000 9.000000
1637139 4.871570 123.000000 10.000000 0.000000 654110.000000 982462.000000 14.000000 94.000000
2016903 0.360897 0.000000 10.000000 1.000000 654110.000000 982462.000000 0.000000 18.000000
823754 0.728600 0.000000 10.000000 0.000000 654110.000000 982462.000000 24.000000 18.000000
4234713 3.448060 19.000000 10.000000 0.000000 654110.000000 982462.000000 35.000000 126.000000
1353233 0.437515 0.000000 8.000000 1.000000 654110.000000 982462.000000 7.000000 8.000000
978620 12.177400 452.000000 10.000000 6.000000 654110.000000 982462.000000 522.000000 446.000000
10522 0.752629 0.000000 7.000000 4.000000 654110.000000 982462.000000 0.000000 18.000000
450 0.150000 0.000000 3.000000 1.000000 654110.000000 982462.000000 5.000000 0.000000
40 0.671383 22.000000 10.000000 3.000000 654110.000000 982462.000000 14.000000 15.000000
669 0.150000 0.000000 1.000000 0.000000 654110.000000 982462.000000 1.000000 0.000000
563 0.150000 0.000000 1.000000 1.000000 49900.000000 3.000000 2.000000 0.000000
508 0.568144 0.000000 10.000000 1.000000 654110.000000 982462.000000 7.000000 18.000000
278 1.265220 0.000000 10.000000 0.000000 654110.000000 982462.000000 30.000000 23.000000
299 0.150000 0.000000 1.000000 0.000000 1299235.000000 6.000000 5.000000 0.000000
228 0.231263 0.000000 9.000000 0.000000 654110.000000 982462.000000 6.000000 4.000000
206 0.214936 0.000000 1.000000 0.000000 654110.000000 982462.000000 1.000000 1.000000
18 0.277500 0.000000 1.000000 1.000000 654110.000000 982462.000000 1.000000 1.000000
345 1.133390 17.000000 10.000000 0.000000 654110.000000 982462.000000 48.000000 32.000000
2867415 0.540891 0.000000 5.000000 1.000000 654110.000000 982462.000000 1.000000 8.000000
1064327 0.548302 0.000000 10.000000 3.000000 654110.000000 982462.000000 26.000000 16.000000
4136357 0.188508 0.000000 1.000000 0.000000 654110.000000 982462.000000 0.000000 1.000000
1346919 0.266966 0.000000 5.000000 1.000000 654110.000000 982462.000000 0.000000 5.000000
384 1.193920 7.000000 10.000000 1.000000 654110.000000 982462.000000 15.000000 20.000000
889163 2.120420 17.000000 10.000000 2.000000 654110.000000 982462.000000 90.000000 101.000000
5569935 0.538311 0.000000 3.000000 3.000000 654110.000000 982462.000000 0.000000 6.000000
4798601 0.207375 0.000000 2.000000 1.000000 654110.000000 982462.000000 0.000000 2.000000
1753819 1.749660 73.000000 10.000000 0.000000 654110.000000 982462.000000 27.000000 47.000000
4998249 0.569352 0.000000 4.000000 3.000000 654110.000000 982462.000000 0.000000 11.000000
2698206 0.436875 0.000000 1.000000 1.000000 654110.000000 982462.000000 0.000000 3.000000
2499850 3.562610 159.000000 10.000000 9.000000 654110.000000 982462.000000 111.000000 117.000000
5554563 10.656500 1700.000000 10.000000 3.000000 654110.000000 982462.000000 210.000000 415.000000
798942 0.569801 0.000000 10.000000 3.000000 654110.000000 982462.000000 8.000000 9.000000
170 0.150000 0.000000 6.000000 0.000000 654110.000000 982462.000000 6.000000 0.000000
1676511 7.055470 0.000000 10.000000 4.000000 654110.000000 982462.000000 23.000000 31.000000
4197986 0.202578 0.000000 4.000000 0.000000 654110.000000 982462.000000 0.000000 4.000000
3044490 1.411960 13.000000 10.000000 4.000000 654110.000000 982462.000000 123.000000 60.000000
767706 0.466280 0.000000 10.000000 4.000000 654110.000000 982462.000000 11.000000 11.000000
1758205 1.668240 73.000000 10.000000 3.000000 654110.000000 982462.000000 22.000000 49.000000
3567353 0.174533 0.000000 8.000000 0.000000 654110.000000 982462.000000 0.000000 8.000000
4101726 0.157209 0.000000 1.000000 0.000000 654110.000000 982462.000000 0.000000 1.000000
5476049 8.657370 2.000000 10.000000 5.000000 654110.000000 982462.000000 570.000000 595.000000
5058218 0.159113 0.000000 1.000000 0.000000 654110.000000 982462.000000 0.000000 1.000000
4058227 0.162697 0.000000 3.000000 0.000000 654110.000000 982462.000000 0.000000 3.000000
5395426 0.157209 0.000000 1.000000 0.000000 654110.000000 982462.000000 0.000000 1.000000
5046752 11.407400 729.000000 10.000000 7.000000 654110.000000 982462.000000 659.000000 393.000000
575891 9.284190 12.000000 10.000000 8.000000 654110.000000 982462.000000 313.000000 343.000000
2477500 1.558290 27.000000 10.000000 4.000000 654110.000000 982462.000000 48.000000 44.000000
4960095 0.220279 0.000000 1.000000 0.000000 654110.000000 982462.000000 0.000000 1.000000
5350829 0.196194 0.000000 6.000000 1.000000 654110.000000 982462.000000 0.000000 6.000000
452 0.150000 0.000000 1.000000 0.000000 654110.000000 982462.000000 1.000000 0.000000
610 0.172688 0.000000 2.000000 1.000000 654110.000000 982462.000000 3.000000 1.000000
548 0.150000 0.000000 1.000000 0.000000 4141039.000000 2.000000 1.000000 0.000000
1224729 3.741240 0.000000 10.000000 1.000000 654110.000000 982462.000000 44.000000 48.000000
4254231 0.215801 0.000000 10.000000 2.000000 654110.000000 982462.000000 12.000000 6.000000
53 0.644253 0.000000 10.000000 3.000000 654110.000000 982462.000000 9.000000 10.000000
2110312 0.968801 0.000000 10.000000 2.000000 654110.000000 982462.000000 23.000000 33.000000
5235805 0.274943 0.000000 7.000000 0.000000 654110.000000 982462.000000 0.000000 8.000000
471355 0.181875 0.000000 4.000000 2.000000 654110.000000 982462.000000 9.000000 1.000000
632239 0.253129 0.000000 10.000000 0.000000 654110.000000 982462.000000 0.000000 11.000000
2308536 0.355282 0.000000 10.000000 1.000000 654110.000000 982462.000000 16.000000 9.000000
5359268 0.181779 0.000000 5.000000 0.000000 654110.000000 982462.000000 0.000000 5.000000
2542589 1.679690 59.000000 10.000000 7.000000 654110.000000 982462.000000 54.000000 68.000000
46 0.205794 3.000000 8.000000 1.000000 654110.000000 982462.000000 7.000000 2.000000
3012698 0.220959 0.000000 5.000000 1.000000 654110.000000 982462.000000 0.000000 5.000000
4859097 3.163560 30.000000 10.000000 6.000000 654110.000000 982462.000000 113.000000 159.000000
3107121 0.182336 0.000000 4.000000 0.000000 654110.000000 982462.000000 0.000000 4.000000
718206 0.288003 0.000000 4.000000 0.000000 654110.000000 982462.000000 1.000000 3.000000
2505670 0.200849 0.000000 6.000000 0.000000 654110.000000 982462.000000 0.000000 6.000000
245766 0.284273 0.000000 1.000000 0.000000 654110.000000 982462.000000 0.000000 1.000000
3144011 0.358141 0.000000 9.000000 0.000000 654110.000000 982462.000000 0.000000 11.000000
528 0.216340 0.000000 4.000000 0.000000 654110.000000 982462.000000 2.000000 2.000000
465 1.041600 0.000000 10.000000 1.000000 654110.000000 982462.000000 23.000000 6.000000
4577755 6.729520 364.000000 10.000000 5.000000 654110.000000 982462.000000 51.000000 536.000000
799131 2.070850 4.000000 10.000000 0.000000 654110.000000 982462.000000 13.000000 58.000000
2224526 0.181875 0.000000 1.000000 0.000000 654110.000000 982462.000000 2.000000 1.000000
216 0.313885 0.000000 10.000000 0.000000 654110.000000 982462.000000 34.000000 7.000000
505064 2.852530 15.000000 10.000000 6.000000 654110.000000 982462.000000 16.000000 81.000000
4810147 0.185035 0.000000 4.000000 1.000000 654110.000000 982462.000000 3.000000 2.000000
1027342 6.450420 50.000000 10.000000 4.000000 654110.000000 982462.000000 212.000000 255.000000
430 0.224070 1.000000 6.000000 0.000000 654110.000000 982462.000000 5.000000 2.000000
59 0.150000 3.000000 7.000000 0.000000 654110.000000 982462.000000 7.000000 0.000000
4761299 0.164417 0.000000 4.000000 1.000000 654110.000000 982462.000000 3.000000 2.000000
249 0.414846 0.000000 7.000000 1.000000 654110.000000 982462.000000 1.000000 9.000000
4339183 6.490520 88.000000 10.000000 1.000000 654110.000000 982462.000000 65.000000 153.000000
3999473 11.472500 203.000000 10.000000 3.000000 654110.000000 982462.000000 245.000000 482.000000
2398684 2.040970 64.000000 10.000000 4.000000 654110.000000 982462.000000 51.000000 45.000000
84427 0.286613 0.000000 1.000000 0.000000 654110.000000 982462.000000 0.000000 2.000000
4863834 1.153920 0.000000 10.000000 2.000000 654110.000000 982462.000000 25.000000 21.000000
1982261 0.168226 0.000000 2.000000 0.000000 654110.000000 982462.000000 0.000000 2.000000
1286203 0.157209 0.000000 1.000000 0.000000 654110.000000 982462.000000 0.000000 1.000000
3795135 0.164596 0.000000 1.000000 0.000000 654110.000000 982462.000000 0.000000 1.000000
3123773 0.546481 0.000000 10.000000 2.000000 654110.000000 982462.000000 9.000000 12.000000
4155596 2.548060 28.000000 10.000000 0.000000 654110.000000 982462.000000 111.000000 85.000000
582649 0.309075 0.000000 9.000000 2.000000 654110.000000 982462.000000 0.000000 9.000000
5383759 7.473680 655.000000 10.000000 8.000000 654110.000000 982462.000000 414.000000 328.000000
5566832 0.801203 0.000000 10.000000 1.000000 654110.000000 982462.000000 41.000000 22.000000
2007907 0.167016 0.000000 2.000000 1.000000 654110.000000 982462.000000 0.000000 2.000000
180638 0.407604 0.000000 10.000000 2.000000 654110.000000 982462.000000 0.000000 18.000000
3076469 0.604627 2.000000 9.000000 0.000000 654110.000000 982462.000000 3.000000 6.000000
2381117 0.202552 0.000000 7.000000 0.000000 654110.000000 982462.000000 4.000000 3.000000
2254318 0.157209 0.000000 1.000000 0.000000 654110.000000 982462.000000 0.000000 1.000000
2739521 0.861998 0.000000 10.000000 3.000000 654110.000000 982462.000000 20.000000 20.000000
2733385 2.551220 8.000000 10.000000 1.000000 654110.000000 982462.000000 47.000000 85.000000
156 0.150000 0.000000 1.000000 0.000000 975253.000000 3.000000 1.000000 0.000000
2259804 1.051020 12.000000 10.000000 3.000000 654110.000000 982462.000000 28.000000 36.000000
3315180 1.823060 0.000000 10.000000 3.000000 654110.000000 982462.000000 52.000000 58.000000
2665327 2.985440 41.000000 10.000000 2.000000 654110.000000 982462.000000 83.000000 89.000000
3198006 14.690500 259.000000 10.000000 8.000000 654110.000000 982462.000000 345.000000 432.000000
1217993 238.425000 21.000000 10.000000 2.000000 654110.000000 982462.000000 23.000000 13897.000000
2485233 0.435314 0.000000 10.000000 2.000000 654110.000000 982462.000000 7.000000 15.000000
556 0.375287 0.000000 10.000000 0.000000 654110.000000 982462.000000 20.000000 9.000000
4145532 0.372592 0.000000 8.000000 0.000000 654110.000000 982462.000000 2.000000 6.000000
617680 0.320815 0.000000 3.000000 1.000000 654110.000000 982462.000000 0.000000 5.000000
4314604 4.117670 9.000000 10.000000 10.000000 654110.000000 982462.000000 258.000000 204.000000
1246690 0.219024 0.000000 2.000000 0.000000 654110.000000 982462.000000 1.000000 1.000000
752242 2.586020 42.000000 10.000000 4.000000 654110.000000 982462.000000 103.000000 100.000000
451885 0.999334 8.000000 10.000000 3.000000 654110.000000 982462.000000 23.000000 25.000000
1378525 0.226672 0.000000 10.000000 0.000000 654110.000000 982462.000000 5.000000 5.000000
2643302 0.413168 0.000000 10.000000 0.000000 654110.000000 982462.000000 2.000000 8.000000
4834194 0.726306 19.000000 10.000000 6.000000 654110.000000 982462.000000 17.000000 16.000000
614 0.219286 0.000000 10.000000 0.000000 654110.000000 982462.000000 1.000000 18.000000
514 0.545682 0.000000 10.000000 0.000000 654110.000000 982462.000000 26.000000 9.000000
512 0.150000 0.000000 3.000000 1.000000 654110.000000 982462.000000 4.000000 0.000000
353 0.150000 0.000000 3.000000 0.000000 654110.000000 982462.000000 5.000000 0.000000
272 0.330639 0.000000 10.000000 4.000000 654110.000000 982462.000000 39.000000 10.000000
114 0.252842 27.000000 10.000000 1.000000 654110.000000 982462.000000 27.000000 2.000000
74 0.150000 0.000000 2.000000 0.000000 654110.000000 982462.000000 2.000000 0.000000
2631862 1.835280 8.000000 10.000000 2.000000 654110.000000 982462.000000 19.000000 25.000000
591 0.260870 10.000000 10.000000 1.000000 654110.000000 982462.000000 20.000000 10.000000
1703649 0.590494 0.000000 10.000000 1.000000 654110.000000 982462.000000 15.000000 19.000000
214 0.210658 0.000000 5.000000 0.000000 654110.000000 982462.000000 3.000000 2.000000
5081072 71.745200 990.000000 10.000000 13.000000 654110.000000 982462.000000 2158.000000 3043.000000
3478059 0.243953 0.000000 2.000000 0.000000 654110.000000 982462.000000 0.000000 2.000000
2619572 0.290558 0.000000 2.000000 0.000000 654110.000000 982462.000000 0.000000 2.000000
2857416 3.065290 0.000000 10.000000 3.000000 654110.000000 982462.000000 234.000000 117.000000
3573087 0.187346 0.000000 3.000000 0.000000 654110.000000 982462.000000 0.000000 3.000000
1497892 0.164417 0.000000 2.000000 0.000000 654110.000000 982462.000000 0.000000 2.000000
700333 31.025200 158.000000 10.000000 2.000000 654110.000000 982462.000000 684.000000 645.000000
372393 1.193830 0.000000 10.000000 1.000000 654110.000000 982462.000000 5.000000 34.000000
5048140 5.732660 146.000000 10.000000 2.000000 654110.000000 982462.000000 17.000000 187.000000
1881859 0.220279 0.000000 1.000000 0.000000 654110.000000 982462.000000 0.000000 1.000000
3968113 0.210868 0.000000 1.000000 0.000000 654110.000000 982462.000000 0.000000 1.000000
1299764 0.202552 0.000000 3.000000 0.000000 654110.000000 982462.000000 1.000000 3.000000
4463602 9.342430 30.000000 10.000000 8.000000 654110.000000 982462.000000 110.000000 382.000000
1487765 1.357320 7.000000 10.000000 2.000000 654110.000000 982462.000000 33.000000 50.000000
1450309 0.731608 23.000000 10.000000 3.000000 654110.000000 982462.000000 24.000000 22.000000
652383 0.188508 0.000000 3.000000 0.000000 654110.000000 982462.000000 2.000000 1.000000
5293071 1256.490000 15400.000000 10.000000 4.000000 654110.000000 982462.000000 16.000000 19722.000000
3184791 1.063100 86.000000 10.000000 5.000000 654110.000000 982462.000000 68.000000 35.000000
54 0.150000 2.000000 4.000000 0.000000 654110.000000 982462.000000 4.000000 0.000000
138 0.219752 0.000000 3.000000 0.000000 654110.000000 982462.000000 1.000000 2.000000
5125936 0.164596 0.000000 1.000000 0.000000 654110.000000 982462.000000 0.000000 1.000000
4717353 2.081060 0.000000 10.000000 3.000000 654110.000000 982462.000000 78.000000 83.000000
4143823 1.584980 0.000000 10.000000 4.000000 654110.000000 982462.000000 55.000000 47.000000
5162431 2.728230 5.000000 10.000000 4.000000 654110.000000 982462.000000 21.000000 56.000000
4432787 18.734100 255.000000 10.000000 7.000000 654110.000000 982462.000000 54.000000 469.000000
5258431 3.220560 24.000000 10.000000 1.000000 654110.000000 982462.000000 31.000000 121.000000
1830737 0.293595 3.000000 10.000000 1.000000 654110.000000 982462.000000 15.000000 16.000000
134883 1.538750 0.000000 10.000000 1.000000 654110.000000 982462.000000 56.000000 44.000000
255 0.495864 0.000000 2.000000 1.000000 654110.000000 982462.000000 6.000000 2.000000
1621740 0.157209 0.000000 1.000000 0.000000 654110.000000 982462.000000 0.000000 1.000000
438924 6.987110 242.000000 10.000000 7.000000 654110.000000 982462.000000 348.000000 241.000000
1931747 0.175500 0.000000 1.000000 1.000000 1299235.000000 6.000000 0.000000 1.000000
4977446 0.360976 0.000000 10.000000 1.000000 654110.000000 982462.000000 16.000000 8.000000
1439141 0.305183 0.000000 7.000000 4.000000 654110.000000 982462.000000 0.000000 8.000000
3936237 1.329740 9.000000 10.000000 5.000000 654110.000000 982462.000000 30.000000 55.000000
3 0.199280 0.000000 9.000000 0.000000 654110.000000 982462.000000 4.000000 5.000000
567 0.341250 0.000000 5.000000 2.000000 654110.000000 982462.000000 1.000000 6.000000
356 0.150000 10.000000 10.000000 1.000000 654110.000000 982462.000000 20.000000 0.000000
211 0.150000 4.000000 8.000000 0.000000 654110.000000 982462.000000 8.000000 0.000000
2634280 0.192500 0.000000 1.000000 0.000000 654110.000000 982462.000000 0.000000 1.000000
424 2.277020 5.000000 10.000000 8.000000 654110.000000 982462.000000 85.000000 124.000000
520 0.150000 0.000000 2.000000 0.000000 654110.000000 982462.000000 2.000000 0.000000
308280 28.072200 614.000000 10.000000 13.000000 654110.000000 982462.000000 625.000000 1017.000000
805770 2.175160 0.000000 10.000000 2.000000 654110.000000 982462.000000 38.000000 80.000000
4821258 0.277500 0.000000 1.000000 1.000000 4141039.000000 2.000000 0.000000 1.000000
622 11.553900 0.000000 10.000000 0.000000 654110.000000 982462.000000 5.000000 10.000000
2313166 7.154170 358.000000 10.000000 2.000000 654110.000000 982462.000000 171.000000 377.000000
3406316 0.164417 0.000000 2.000000 0.000000 654110.000000 982462.000000 0.000000 2.000000
4155652 9.110580 443.000000 10.000000 3.000000 654110.000000 982462.000000 515.000000 525.000000
3308155 0.661475 0.000000 5.000000 2.000000 654110.000000 982462.000000 0.000000 11.000000
1686371 1078.380000 182.000000 10.000000 7.000000 654110.000000 982462.000000 66.000000 38011.000000
375073 2.323440 20.000000 10.000000 7.000000 654110.000000 982462.000000 298.000000 84.000000
2202436 3.060180 0.000000 10.000000 1.000000 654110.000000 982462.000000 31.000000 40.000000
2167401 0.820554 0.000000 10.000000 1.000000 654110.000000 982462.000000 27.000000 7.000000
3769196 10.072800 24.000000 10.000000 5.000000 654110.000000 982462.000000 242.000000 343.000000
3761510 1.188510 343.000000 10.000000 0.000000 654110.000000 982462.000000 106.000000 72.000000
4482903 0.187320 0.000000 6.000000 0.000000 654110.000000 982462.000000 0.000000 6.000000
4323888 0.256250 0.000000 2.000000 2.000000 654110.000000 982462.000000 0.000000 2.000000
4002833 0.373691 0.000000 5.000000 2.000000 654110.000000 982462.000000 0.000000 8.000000
2167661 0.574460 0.000000 10.000000 0.000000 654110.000000 982462.000000 34.000000 13.000000
2759316 0.572656 0.000000 6.000000 2.000000 654110.000000 982462.000000 0.000000 13.000000
4820652 1.128470 0.000000 10.000000 2.000000 654110.000000 982462.000000 32.000000 27.000000
510 0.150000 0.000000 10.000000 0.000000 654110.000000 982462.000000 14.000000 0.000000
609 0.150000 0.000000 1.000000 0.000000 226144.000000 2.000000 1.000000 0.000000
1637220 0.276967 0.000000 10.000000 2.000000 654110.000000 982462.000000 25.000000 7.000000
2562131 0.832893 0.000000 10.000000 5.000000 654110.000000 982462.000000 95.000000 31.000000
2112730 1.136960 0.000000 10.000000 2.000000 654110.000000 982462.000000 21.000000 19.000000
4627108 0.173360 0.000000 4.000000 1.000000 654110.000000 982462.000000 0.000000 4.000000
2391414 0.869761 9.000000 10.000000 4.000000 654110.000000 982462.000000 16.000000 32.000000
2344503 0.157209 0.000000 1.000000 0.000000 654110.000000 982462.000000 0.000000 1.000000
1778978 2.063670 317.000000 10.000000 2.000000 654110.000000 982462.000000 201.000000 133.000000
3770306 0.674412 2.000000 10.000000 0.000000 654110.000000 982462.000000 12.000000 17.000000
1094151 61.303300 2.000000 10.000000 1.000000 654110.000000 982462.000000 60.000000 2839.000000
3365679 0.380420 0.000000 10.000000 1.000000 654110.000000 982462.000000 13.000000 9.000000
1242563 2.672680 0.000000 10.000000 4.000000 654110.000000 982462.000000 67.000000 75.000000
1303327 0.592619 0.000000 10.000000 3.000000 654110.000000 982462.000000 0.000000 19.000000
521 0.556229 0.000000 10.000000 4.000000 654110.000000 982462.000000 27.000000 14.000000
1244166 0.400994 0.000000 4.000000 2.000000 654110.000000 982462.000000 0.000000 6.000000
447 3.221330 0.000000 10.000000 0.000000 654110.000000 982462.000000 39.000000 81.000000
426 0.150000 0.000000 10.000000 0.000000 654110.000000 982462.000000 12.000000 0.000000
301 0.293054 0.000000 8.000000 2.000000 654110.000000 982462.000000 5.000000 5.000000
1 0.150000 0.000000 10.000000 0.000000 4687297.000000 1.000000 0.000000 0.000000
2172268 0.861869 0.000000 10.000000 3.000000 654110.000000 982462.000000 18.000000 17.000000
308447 0.452177 0.000000 10.000000 0.000000 654110.000000 982462.000000 4.000000 8.000000
463 0.253568 0.000000 2.000000 0.000000 300635.000000 3.000000 1.000000 1.000000
1769708 0.218603 0.000000 2.000000 0.000000 654110.000000 982462.000000 0.000000 2.000000
4419948 0.171162 0.000000 5.000000 0.000000 654110.000000 982462.000000 0.000000 5.000000
650 0.524146 3.000000 10.000000 2.000000 654110.000000 982462.000000 22.000000 24.000000
60 0.522417 7.000000 10.000000 6.000000 654110.000000 982462.000000 105.000000 26.000000
2368015 0.844451 0.000000 10.000000 2.000000 654110.000000 982462.000000 7.000000 20.000000
2523323 1.089700 7.000000 10.000000 0.000000 654110.000000 982462.000000 29.000000 29.000000
3920231 0.538875 0.000000 10.000000 1.000000 654110.000000 982462.000000 24.000000 16.000000
750682 17.104000 202.000000 10.000000 2.000000 654110.000000 982462.000000 69.000000 624.000000
4152684 2.961920 12.000000 10.000000 6.000000 654110.000000 982462.000000 143.000000 74.000000
540 0.545561 0.000000 10.000000 2.000000 654110.000000 982462.000000 3.000000 12.000000
5293615 0.486118 0.000000 10.000000 5.000000 654110.000000 982462.000000 0.000000 18.000000
582 0.157969 0.000000 1.000000 1.000000 654110.000000 982462.000000 1.000000 1.000000
97326 22.347300 317.000000 10.000000 2.000000 654110.000000 982462.000000 48.000000 632.000000
4153866 3.040890 2.000000 10.000000 5.000000 654110.000000 982462.000000 91.000000 77.000000
2632420 0.213750 0.000000 1.000000 0.000000 49900.000000 3.000000 0.000000 1.000000
3815113 1.977190 120.000000 10.000000 8.000000 654110.000000 982462.000000 54.000000 57.000000
725615 0.446193 0.000000 10.000000 2.000000 654110.000000 982462.000000 31.000000 17.000000
3419555 0.217768 0.000000 7.000000 0.000000 654110.000000 982462.000000 0.000000 7.000000
1324899 1.531790 0.000000 3.000000 2.000000 654110.000000 982462.000000 0.000000 17.000000
1227477 0.332760 0.000000 1.000000 1.000000 654110.000000 982462.000000 0.000000 1.000000
5008651 0.677473 0.000000 10.000000 2.000000 654110.000000 982462.000000 29.000000 24.000000
797634 6.737920 128.000000 10.000000 4.000000 654110.000000 982462.000000 185.000000 182.000000
4877545 0.887510 0.000000 10.000000 2.000000 654110.000000 982462.000000 19.000000 17.000000
778737 1.039140 24.000000 10.000000 2.000000 654110.000000 982462.000000 35.000000 33.000000
233302 0.333078 0.000000 2.000000 0.000000 654110.000000 982462.000000 0.000000 3.000000
3663015 0.363449 0.000000 8.000000 0.000000 654110.000000 982462.000000 6.000000 3.000000
4987964 5.628660 341.000000 10.000000 2.000000 654110.000000 982462.000000 30.000000 505.000000
3639498 14.012700 629.000000 10.000000 6.000000 654110.000000 982462.000000 761.000000 369.000000
4292087 1.723940 11.000000 10.000000 2.000000 654110.000000 982462.000000 65.000000 56.000000
402438 0.479200 0.000000 10.000000 1.000000 654110.000000 982462.000000 0.000000 14.000000
5447510 0.602522 0.000000 5.000000 4.000000 654110.000000 982462.000000 0.000000 14.000000
1975851 21.773700 159.000000 10.000000 5.000000 654110.000000 982462.000000 0.000000 702.000000
185335 0.159113 0.000000 1.000000 0.000000 654110.000000 982462.000000 0.000000 1.000000
841067 6.295420 167.000000 10.000000 1.000000 654110.000000 982462.000000 125.000000 283.000000
1134854 6.407800 55.000000 10.000000 12.000000 654110.000000 982462.000000 64.000000 265.000000
560525 0.357072 0.000000 10.000000 2.000000 654110.000000 982462.000000 33.000000 3.000000
464339 0.175500 0.000000 1.000000 1.000000 1299235.000000 6.000000 0.000000 1.000000
2321566 1.566590 0.000000 10.000000 4.000000 654110.000000 982462.000000 28.000000 47.000000
461547 0.189000 0.000000 3.000000 0.000000 654110.000000 982462.000000 0.000000 3.000000
1922301 0.185914 0.000000 3.000000 1.000000 654110.000000 982462.000000 2.000000 1.000000
5231117 0.687738 0.000000 9.000000 2.000000 654110.000000 982462.000000 0.000000 12.000000
4214296 0.611247 0.000000 10.000000 2.000000 654110.000000 982462.000000 8.000000 16.000000
3714644 0.157209 0.000000 1.000000 0.000000 654110.000000 982462.000000 0.000000 1.000000
1848163 0.812426 29.000000 10.000000 1.000000 654110.000000 982462.000000 27.000000 27.000000
2879359 6.728420 48.000000 10.000000 4.000000 654110.000000 982462.000000 97.000000 248.000000
3156836 12.718300 80.000000 10.000000 5.000000 654110.000000 982462.000000 2185.000000 929.000000
507 0.150000 0.000000 4.000000 0.000000 654110.000000 982462.000000 4.000000 0.000000
557 1.718590 9.000000 10.000000 1.000000 654110.000000 982462.000000 18.000000 18.000000
328 0.150000 3.000000 7.000000 0.000000 654110.000000 982462.000000 7.000000 0.000000
625 0.309004 0.000000 10.000000 1.000000 654110.000000 982462.000000 18.000000 8.000000
4830821 0.724812 0.000000 3.000000 2.000000 654110.000000 982462.000000 0.000000 11.000000
4871400 1.082140 10.000000 10.000000 0.000000 654110.000000 982462.000000 18.000000 10.000000
150 0.396549 0.000000 10.000000 5.000000 654110.000000 982462.000000 37.000000 9.000000
194 0.150000 0.000000 4.000000 0.000000 654110.000000 982462.000000 4.000000 0.000000
3733839 10.244900 216.000000 10.000000 7.000000 654110.000000 982462.000000 420.000000 371.000000
3478502 2.668880 46.000000 10.000000 6.000000 654110.000000 982462.000000 34.000000 82.000000
3626158 14.212800 101.000000 10.000000 4.000000 654110.000000 982462.000000 479.000000 578.000000
90 0.150000 0.000000 9.000000 0.000000 654110.000000 982462.000000 9.000000 0.000000
1338088 0.171863 0.000000 2.000000 0.000000 654110.000000 982462.000000 0.000000 2.000000
128 0.539317 0.000000 10.000000 0.000000 654110.000000 982462.000000 22.000000 23.000000
1914202 0.363217 0.000000 10.000000 1.000000 654110.000000 982462.000000 13.000000 5.000000
630 0.838754 3.000000 10.000000 1.000000 654110.000000 982462.000000 9.000000 9.000000
24 0.150000 0.000000 1.000000 0.000000 654110.000000 982462.000000 1.000000 0.000000
152 0.150000 0.000000 10.000000 0.000000 654110.000000 982462.000000 14.000000 0.000000
1873489 0.157209 0.000000 1.000000 0.000000 654110.000000 982462.000000 0.000000 1.000000
4533656 0.305373 0.000000 4.000000 0.000000 654110.000000 982462.000000 0.000000 4.000000
0 0.000000 0.000000 0.000000 0.000000 0.000000 0.000000 0.000000 0.000000
END
#################################################################
SECTION3 (Edges Information)
EndPoint0 EndPoint1 Weight
0 1 1.000000
3 3740977 1.000000
3 180638 1.000000
3 5293615 1.000000
3 402438 1.000000
18 2523323 1.000000
24 2698206 1.000000
40 3815113 1.000000
40 134883 1.000000
40 889163 1.000000
40 4292087 1.000000
40 3291810 1.000000
40 2999027 1.000000
40 1077015 1.000000
40 134883 1.000000
40 1077015 1.000000
40 3291810 1.000000
40 2999027 1.000000
40 3815113 1.000000
40 3815113 1.000000
40 3184791 1.000000
46 308280 1.000000
46 505064 1.000000
46 505064 1.000000
46 505064 1.000000
46 505064 1.000000
46 505064 1.000000
46 505064 1.000000
47 4948604 1.000000
47 4863834 1.000000
47 4863834 1.000000
53 1648415 1.000000
53 1648415 1.000000
53 5231117 1.000000
53 1648415 1.000000
53 718206 1.000000
53 1648415 1.000000
53 718206 1.000000
53 5231117 1.000000
53 3968113 1.000000
54 3211512 1.000000
54 3211512 1.000000
54 3211512 1.000000
54 5293071 1.000000
59 3211512 1.000000
59 3211512 1.000000
59 3211512 1.000000
59 3211512 1.000000
59 3211512 1.000000
59 5293071 1.000000
59 5293071 1.000000
60 4419948 1.000000
60 2975953 1.000000
60 632239 1.000000
60 2232278 1.000000
60 4419948 1.000000
60 5299090 1.000000
60 3761510 1.000000
60 1830737 1.000000
60 5350829 1.000000
60 4482903 1.000000
60 4197986 1.000000
60 3761510 1.000000
60 4419948 1.000000
60 2232278 1.000000
60 1830737 1.000000
60 2232278 1.000000
60 2232278 1.000000
60 4419948 1.000000
60 3761510 1.000000
60 2975953 1.000000
60 1778978 1.000000
60 2485233 1.000000
60 3419555 1.000000
60 4783409 1.000000
60 1830737 1.000000
60 2505670 1.000000
60 4153866 1.000000
60 3585698 1.000000
60 3585698 1.000000
60 1830737 1.000000
60 4153866 1.000000
60 2505670 1.000000
60 1778978 1.000000
60 2975953 1.000000
60 3761510 1.000000
60 4419948 1.000000
60 2232278 1.000000
60 4482903 1.000000
60 5299090 1.000000
60 5350829 1.000000
60 632239 1.000000
60 5359268 1.000000
60 3761510 1.000000
60 2975953 1.000000
60 1778978 1.000000
60 3761510 1.000000
60 5359268 1.000000
60 5350829 1.000000
60 1766593 1.000000
60 1766593 1.000000
60 2975953 1.000000
60 5299090 1.000000
60 4482903 1.000000
60 2232278 1.000000
60 2505670 1.000000
60 4155652 1.000000
60 2975953 1.000000
60 1766593 1.000000
60 632239 1.000000
60 1830737 1.000000
60 3585698 1.000000
60 3419555 1.000000
60 2485233 1.000000
60 5476792 1.000000
60 4058227 1.000000
60 4627108 1.000000
60 4155652 1.000000
60 4627108 1.000000
60 4155652 1.000000
60 1778978 1.000000
60 4155652 1.000000
60 4155652 1.000000
60 4058227 1.000000
60 5476792 1.000000
60 3585698 1.000000
60 1830737 1.000000
60 632239 1.000000
60 2975953 1.000000
60 1766593 1.000000
60 2232278 1.000000
60 4482903 1.000000
60 5299090 1.000000
60 1778978 1.000000
60 1830737 1.000000
60 4155652 1.000000
60 5299090 1.000000
60 4482903 1.000000
60 2232278 1.000000
60 1766593 1.000000
60 2975953 1.000000
60 3585698 1.000000
60 632239 1.000000
60 5476792 1.000000
60 4058227 1.000000
60 4627108 1.000000
60 2485233 1.000000
60 2505670 1.000000
60 3419555 1.000000
60 3761510 1.000000
60 3761510 1.000000
60 2975953 1.000000
60 3761510 1.000000
60 4197986 1.000000
60 3904460 1.000000
60 5476049 1.000000
74 4830821 1.000000
74 1324899 1.000000
90 2238114 1.000000
90 2238114 1.000000
90 2238114 1.000000
90 2238114 1.000000
90 2238114 1.000000
90 2238114 1.000000
90 2238114 1.000000
90 2238114 1.000000
90 2238114 1.000000
106 3733839 1.000000
106 4463602 1.000000
106 2879359 1.000000
106 3733839 1.000000
106 2879359 1.000000
106 3197072 1.000000
106 3733839 1.000000
106 2879359 1.000000
106 4463602 1.000000
106 2879359 1.000000
106 4463602 1.000000
106 3733839 1.000000
106 3733839 1.000000
106 3197072 1.000000
106 2879359 1.000000
106 3197072 1.000000
106 3733839 1.000000
106 4463602 1.000000
106 2879359 1.000000
106 3733839 1.000000
106 797634 1.000000
106 3197072 1.000000
106 2879359 1.000000
106 3733839 1.000000
114 1753819 1.000000
114 2037473 1.000000
114 4517320 1.000000
114 4517320 1.000000
114 2037473 1.000000
114 1753819 1.000000
114 1753819 1.000000
114 2037473 1.000000
114 4517320 1.000000
114 4517320 1.000000
114 2037473 1.000000
114 1753819 1.000000
114 1753819 1.000000
114 2037473 1.000000
114 4517320 1.000000
114 4517320 1.000000
114 2037473 1.000000
114 1753819 1.000000
114 1753819 1.000000
114 2037473 1.000000
114 4517320 1.000000
114 4517320 1.000000
114 2037473 1.000000
114 1753819 1.000000
114 4517320 1.000000
114 1753819 1.000000
114 2037473 1.000000
128 4558404 1.000000
128 2542589 1.000000
128 2097297 1.000000
128 2511197 1.000000
128 2097297 1.000000
128 4558404 1.000000
128 2511197 1.000000
128 2542589 1.000000
128 2097297 1.000000
128 2542589 1.000000
128 2511197 1.000000
128 4558404 1.000000
128 2542589 1.000000
128 4558404 1.000000
128 2097297 1.000000
128 2873364 1.000000
128 2542589 1.000000
128 2097297 1.000000
128 4558404 1.000000
128 2097297 1.000000
128 2542589 1.000000
128 4558404 1.000000
138 1353233 1.000000
143 2499850 1.000000
143 4977446 1.000000
143 2921778 1.000000
143 2499850 1.000000
143 3770306 1.000000
143 1405452 1.000000
143 2499850 1.000000
143 2921778 1.000000
143 4977446 1.000000
143 1064327 1.000000
143 4977446 1.000000
143 2921778 1.000000
143 2499850 1.000000
143 1405452 1.000000
143 3770306 1.000000
143 3315180 1.000000
143 5581803 1.000000
143 4314604 1.000000
143 3895523 1.000000
143 2832920 1.000000
143 2499850 1.000000
143 4977446 1.000000
143 5566832 1.000000
143 2499850 1.000000
143 4977446 1.000000
143 2832920 1.000000
143 4977446 1.000000
143 1064327 1.000000
143 2499850 1.000000
143 2921778 1.000000
143 3770306 1.000000
143 4533656 1.000000
143 3895523 1.000000
143 2828612 1.000000
143 2499850 1.000000
143 2499850 1.000000
143 308447 1.000000
143 2499850 1.000000
143 4799862 1.000000
150 4339842 1.000000
150 1758205 1.000000
150 1338088 1.000000
150 1982261 1.000000
150 584571 1.000000
150 4339842 1.000000
150 84427 1.000000
150 4998249 1.000000
150 4339842 1.000000
150 575891 1.000000
150 4339842 1.000000
150 2391414 1.000000
150 4339842 1.000000
150 2391414 1.000000
150 4469232 1.000000
150 1771061 1.000000
150 575891 1.000000
150 1771061 1.000000
150 2391414 1.000000
150 4339842 1.000000
150 185335 1.000000
150 4998249 1.000000
150 4339842 1.000000
150 4469232 1.000000
150 5058218 1.000000
150 1982261 1.000000
150 575891 1.000000
150 3002173 1.000000
150 4339842 1.000000
150 2391414 1.000000
150 4214296 1.000000
150 4339842 1.000000
150 2391414 1.000000
150 584571 1.000000
150 637234 1.000000
150 4214296 1.000000
150 575891 1.000000
152 1094151 1.000000
152 1094151 1.000000
152 1094151 1.000000
152 1094151 1.000000
152 1094151 1.000000
152 1094151 1.000000
152 1094151 1.000000
152 1094151 1.000000
152 1094151 1.000000
152 1094151 1.000000
152 1094151 1.000000
152 1094151 1.000000
152 1094151 1.000000
152 1094151 1.000000
156 1078266 1.000000
170 1686371 1.000000
170 1686371 1.000000
170 1686371 1.000000
170 1686371 1.000000
170 1686371 1.000000
170 1686371 1.000000
194 2878180 1.000000
194 2878180 1.000000
194 2878180 1.000000
194 2878180 1.000000
206 1227477 1.000000
211 4987964 1.000000
211 4577755 1.000000
211 4577755 1.000000
211 4987964 1.000000
211 4577755 1.000000
211 4987964 1.000000
211 4577755 1.000000
211 4987964 1.000000
214 639977 1.000000
214 4754667 1.000000
214 4531661 1.000000
216 2065737 1.000000
216 2065737 1.000000
216 2065737 1.000000
216 2065737 1.000000
216 2065737 1.000000
216 2065737 1.000000
216 2065737 1.000000
216 2065737 1.000000
216 2065737 1.000000
216 2065737 1.000000
216 2065737 1.000000
216 2065737 1.000000
216 2065737 1.000000
216 2065737 1.000000
216 2065737 1.000000
216 2065737 1.000000
216 2065737 1.000000
216 2065737 1.000000
216 2065737 1.000000
216 2065737 1.000000
216 2065737 1.000000
216 2065737 1.000000
216 2065737 1.000000
216 2065737 1.000000
216 2065737 1.000000
216 2065737 1.000000
216 2065737 1.000000
216 2065737 1.000000
216 2065737 1.000000
216 2065737 1.000000
216 2065737 1.000000
216 2065737 1.000000
216 2065737 1.000000
216 2065737 1.000000
228 2949336 1.000000
228 2949336 1.000000
228 2949336 1.000000
228 2949336 1.000000
228 2949336 1.000000
228 2949336 1.000000
249 3756431 1.000000
255 1193189 1.000000
255 4589036 1.000000
255 2619572 1.000000
255 4960095 1.000000
255 1881859 1.000000
255 2619572 1.000000
272 2383622 1.000000
272 2007907 1.000000
272 5150654 1.000000
272 5379701 1.000000
272 5379701 1.000000
272 5150654 1.000000
272 4761299 1.000000
272 1497892 1.000000
272 3406316 1.000000
272 1244166 1.000000
272 2867415 1.000000
272 743361 1.000000
272 3144011 1.000000
272 2254318 1.000000
272 2867415 1.000000
272 3406316 1.000000
272 1497892 1.000000
272 5150654 1.000000
272 4761299 1.000000
272 1873489 1.000000
272 3012698 1.000000
272 2344503 1.000000
272 1769708 1.000000
272 3714644 1.000000
272 5038157 1.000000
272 1378525 1.000000
272 5395426 1.000000
272 3107121 1.000000
272 3567353 1.000000
272 648072 1.000000
272 1378525 1.000000
272 1621740 1.000000
272 3573087 1.000000
272 3808830 1.000000
272 4101726 1.000000
272 3808830 1.000000
272 5235805 1.000000
272 1286203 1.000000
272 2857416 1.000000
278 667645 1.000000
278 2199268 1.000000
278 5422411 1.000000
278 2210363 1.000000
278 767706 1.000000
278 2210363 1.000000
278 667645 1.000000
278 2199268 1.000000
278 2210363 1.000000
278 2199268 1.000000
278 667645 1.000000
278 2210363 1.000000
278 667645 1.000000
278 2199268 1.000000
278 667645 1.000000
278 2210363 1.000000
278 2199268 1.000000
278 2199268 1.000000
278 667645 1.000000
278 725615 1.000000
278 2199268 1.000000
278 725615 1.000000
278 667645 1.000000
278 2210363 1.000000
278 767706 1.000000
278 2210363 1.000000
278 667645 1.000000
278 1922301 1.000000
278 2199268 1.000000
278 5422411 1.000000
299 464339 1.000000
299 2120554 1.000000
299 1218627 1.000000
299 1468935 1.000000
299 1931747 1.000000
301 438924 1.000000
301 3769196 1.000000
301 2733385 1.000000
301 3663015 1.000000
301 5392394 1.000000
320 233302 1.000000
328 3211512 1.000000
328 3211512 1.000000
328 3211512 1.000000
328 3211512 1.000000
328 3211512 1.000000
328 5293071 1.000000
328 5293071 1.000000
340 471355 1.000000
340 986035 1.000000
340 5447510 1.000000
340 1474007 1.000000
345 626402 1.000000
345 700333 1.000000
345 3525772 1.000000
345 700333 1.000000
345 778737 1.000000
345 700333 1.000000
345 700333 1.000000
345 700333 1.000000
345 626402 1.000000
345 700333 1.000000
345 626402 1.000000
345 700333 1.000000
345 778737 1.000000
345 3525772 1.000000
345 4339183 1.000000
345 4339183 1.000000
345 4339183 1.000000
345 4339183 1.000000
345 2308536 1.000000
345 700333 1.000000
345 4339183 1.000000
345 700333 1.000000
345 4339183 1.000000
345 700333 1.000000
345 3525772 1.000000
345 4339183 1.000000
345 4339183 1.000000
345 700333 1.000000
345 4339183 1.000000
345 3525772 1.000000
345 2308536 1.000000
345 700333 1.000000
345 2308536 1.000000
345 700333 1.000000
345 4339183 1.000000
345 626402 1.000000
345 700333 1.000000
345 700333 1.000000
345 4339183 1.000000
345 700333 1.000000
345 626402 1.000000
345 700333 1.000000
345 700333 1.000000
345 626402 1.000000
345 2308536 1.000000
345 778737 1.000000
345 700333 1.000000
345 700333 1.000000
353 4798601 1.000000
353 617680 1.000000
353 5569935 1.000000
353 5470275 1.000000
353 1914202 1.000000
356 5048140 1.000000
356 5048140 1.000000
356 1637139 1.000000
356 5048140 1.000000
356 5048140 1.000000
356 1637139 1.000000
356 1637139 1.000000
356 5048140 1.000000
356 5048140 1.000000
356 5048140 1.000000
356 5048140 1.000000
356 5048140 1.000000
356 5048140 1.000000
356 1637139 1.000000
356 1637139 1.000000
356 5048140 1.000000
356 5048140 1.000000
356 1637139 1.000000
356 1637139 1.000000
356 5048140 1.000000
376 451885 1.000000
376 2634280 1.000000
376 4323888 1.000000
384 2783388 1.000000
384 4642852 1.000000
384 4642852 1.000000
384 2783388 1.000000
384 4642852 1.000000
384 4642852 1.000000
384 4642852 1.000000
384 4642852 1.000000
384 4642852 1.000000
384 4642852 1.000000
384 4642852 1.000000
384 4642852 1.000000
384 4642852 1.000000
384 4642852 1.000000
384 4642852 1.000000
407 1848163 1.000000
407 1703649 1.000000
407 605059 1.000000
407 1703649 1.000000
407 1848163 1.000000
407 1848163 1.000000
407 1703649 1.000000
407 2368015 1.000000
407 2368015 1.000000
407 1703649 1.000000
407 1848163 1.000000
407 5383759 1.000000
407 1703649 1.000000
407 2368015 1.000000
407 1703649 1.000000
407 2368015 1.000000
407 1848163 1.000000
415 823754 1.000000
415 3897251 1.000000
415 3897251 1.000000
415 3897251 1.000000
415 3897251 1.000000
415 3897251 1.000000
415 823754 1.000000
415 662176 1.000000
415 3897251 1.000000
415 823754 1.000000
415 662176 1.000000
415 3897251 1.000000
415 823754 1.000000
415 662176 1.000000
415 3897251 1.000000
415 662176 1.000000
415 823754 1.000000
415 823754 1.000000
415 662176 1.000000
415 3897251 1.000000
415 662176 1.000000
415 823754 1.000000
415 3897251 1.000000
424 1637220 1.000000
424 375073 1.000000
424 1264503 1.000000
424 372393 1.000000
424 2550792 1.000000
424 4155596 1.000000
424 3365679 1.000000
424 124758 1.000000
424 3156836 1.000000
424 4057603 1.000000
424 3626158 1.000000
424 5052877 1.000000
424 1027342 1.000000
424 4152684 1.000000
424 752242 1.000000
424 3156836 1.000000
424 2313166 1.000000
424 750682 1.000000
424 3156836 1.000000
424 375073 1.000000
424 4152684 1.000000
424 4057603 1.000000
424 4916848 1.000000
424 5052877 1.000000
424 3156836 1.000000
424 124758 1.000000
424 1637220 1.000000
424 2550792 1.000000
424 372393 1.000000
424 2167401 1.000000
424 1027342 1.000000
424 2313166 1.000000
424 3626158 1.000000
424 752242 1.000000
424 1264503 1.000000
424 1464982 1.000000
424 4234713 1.000000
424 1975851 1.000000
424 2398684 1.000000
424 5607240 1.000000
424 3156836 1.000000
424 5046752 1.000000
424 124758 1.000000
424 5052877 1.000000
424 2167401 1.000000
424 375073 1.000000
424 4057603 1.000000
424 2313166 1.000000
424 2550792 1.000000
424 1264503 1.000000
424 3156836 1.000000
424 4234713 1.000000
424 372393 1.000000
424 752242 1.000000
424 1027342 1.000000
424 3626158 1.000000
424 1464982 1.000000
424 4152684 1.000000
424 750682 1.000000
424 4916848 1.000000
424 3156836 1.000000
424 2321566 1.000000
424 2321566 1.000000
424 5046752 1.000000
424 3156836 1.000000
424 124758 1.000000
424 4057603 1.000000
424 4152684 1.000000
424 1174578 1.000000
424 1637220 1.000000
424 375073 1.000000
424 5081072 1.000000
424 2477500 1.000000
424 3626158 1.000000
424 752242 1.000000
424 1264503 1.000000
424 2167401 1.000000
424 372393 1.000000
424 1027342 1.000000
424 750682 1.000000
424 4234713 1.000000
424 681474 1.000000
424 4155596 1.000000
424 1975851 1.000000
424 2550792 1.000000
426 1217993 1.000000
426 1217993 1.000000
426 1217993 1.000000
426 1217993 1.000000
426 1217993 1.000000
426 1217993 1.000000
426 1217993 1.000000
426 1217993 1.000000
426 1217993 1.000000
426 1217993 1.000000
426 1217993 1.000000
426 1217993 1.000000
430 1134854 1.000000
430 902359 1.000000
430 4834194 1.000000
430 2259804 1.000000
430 3936237 1.000000
433 3999473 1.000000
433 3999473 1.000000
447 2202436 1.000000
447 2202436 1.000000
447 2202436 1.000000
447 2202436 1.000000
447 2202436 1.000000
447 2202436 1.000000
447 2202436 1.000000
447 2202436 1.000000
447 2202436 1.000000
447 2202436 1.000000
447 2202436 1.000000
447 2202436 1.000000
447 2202436 1.000000
447 2202436 1.000000
447 2202436 1.000000
447 2202436 1.000000
447 2202436 1.000000
447 2202436 1.000000
447 2202436 1.000000
447 2202436 1.000000
447 2202436 1.000000
447 2202436 1.000000
447 2202436 1.000000
447 2202436 1.000000
447 2202436 1.000000
447 2202436 1.000000
447 2202436 1.000000
447 2202436 1.000000
447 2202436 1.000000
447 2202436 1.000000
447 2202436 1.000000
447 2202436 1.000000
447 2202436 1.000000
447 2202436 1.000000
447 2202436 1.000000
447 2202436 1.000000
447 2202436 1.000000
447 2202436 1.000000
447 2202436 1.000000
450 3335900 1.000000
450 2110312 1.000000
450 2110312 1.000000
450 4445247 1.000000
450 10522 1.000000
452 3564507 1.000000
463 4353958 1.000000
465 2086114 1.000000
465 1760163 1.000000
465 3249392 1.000000
465 1314055 1.000000
465 3893538 1.000000
465 4873898 1.000000
465 3308155 1.000000
465 1760163 1.000000
465 3452981 1.000000
465 4885769 1.000000
465 3249392 1.000000
465 3249392 1.000000
465 3452981 1.000000
465 4136357 1.000000
465 3249392 1.000000
465 2234529 1.000000
465 1439141 1.000000
465 3249392 1.000000
465 2601451 1.000000
465 652383 1.000000
465 2234529 1.000000
465 3205387 1.000000
465 3249392 1.000000
504 2016903 1.000000
504 1450309 1.000000
504 2016903 1.000000
504 2016903 1.000000
504 4254231 1.000000
504 1450309 1.000000
504 2016903 1.000000
504 1450309 1.000000
504 4254231 1.000000
504 2016903 1.000000
504 2016903 1.000000
504 2016903 1.000000
504 4254231 1.000000
504 2016903 1.000000
504 2016903 1.000000
504 2016903 1.000000
504 4254231 1.000000
504 2016903 1.000000
504 4254231 1.000000
504 1346919 1.000000
504 2016903 1.000000
504 2016903 1.000000
504 2016903 1.000000
504 1450309 1.000000
504 2016903 1.000000
504 2016903 1.000000
507 2545478 1.000000
507 2545478 1.000000
507 2545478 1.000000
507 2545478 1.000000
508 1246690 1.000000
508 560525 1.000000
508 2739521 1.000000
508 560525 1.000000
508 2167661 1.000000
508 560525 1.000000
508 2739521 1.000000
510 3013094 1.000000
510 3013094 1.000000
510 3013094 1.000000
510 3013094 1.000000
510 3013094 1.000000
510 3013094 1.000000
510 3013094 1.000000
510 3013094 1.000000
510 3013094 1.000000
510 3013094 1.000000
510 3013094 1.000000
510 3013094 1.000000
510 3013094 1.000000
510 3013094 1.000000
512 278667 1.000000
512 278667 1.000000
512 278667 1.000000
512 2224526 1.000000
514 805770 1.000000
514 805770 1.000000
514 805770 1.000000
514 805770 1.000000
514 805770 1.000000
514 805770 1.000000
514 805770 1.000000
514 805770 1.000000
514 805770 1.000000
514 805770 1.000000
514 4820652 1.000000
514 805770 1.000000
514 805770 1.000000
514 805770 1.000000
514 805770 1.000000
514 1484693 1.000000
514 841067 1.000000
514 805770 1.000000
514 805770 1.000000
514 841067 1.000000
514 805770 1.000000
514 3198006 1.000000
514 3198006 1.000000
514 805770 1.000000
514 841067 1.000000
514 3198006 1.000000
520 1487765 1.000000
520 2789544 1.000000
521 2381117 1.000000
521 1299764 1.000000
521 1303327 1.000000
521 4810147 1.000000
521 799131 1.000000
521 3920231 1.000000
521 4877545 1.000000
521 5258431 1.000000
521 2172268 1.000000
521 3478502 1.000000
521 5107884 1.000000
521 799131 1.000000
521 1303327 1.000000
521 2381117 1.000000
521 3920231 1.000000
521 2643302 1.000000
521 2665327 1.000000
521 2562131 1.000000
521 1299764 1.000000
521 1224729 1.000000
521 3478502 1.000000
521 5258431 1.000000
521 4877545 1.000000
521 2381117 1.000000
521 4810147 1.000000
521 3738621 1.000000
521 1299764 1.000000
528 2976028 1.000000
528 2976028 1.000000
540 5162431 1.000000
540 5162431 1.000000
540 5162431 1.000000
548 4821258 1.000000
556 582649 1.000000
556 160130 1.000000
556 5516133 1.000000
556 582649 1.000000
556 5516133 1.000000
556 160130 1.000000
556 582649 1.000000
556 5516133 1.000000
556 160130 1.000000
556 582649 1.000000
556 5516133 1.000000
556 160130 1.000000
556 5516133 1.000000
556 160130 1.000000
556 582649 1.000000
556 2990733 1.000000
556 582649 1.000000
556 5516133 1.000000
556 1242563 1.000000
556 160130 1.000000
557 2631862 1.000000
557 2631862 1.000000
557 2631862 1.000000
557 2631862 1.000000
557 3076469 1.000000
557 2631862 1.000000
557 3076469 1.000000
557 2631862 1.000000
557 2631862 1.000000
557 2631862 1.000000
557 2631862 1.000000
557 3076469 1.000000
557 2631862 1.000000
557 2631862 1.000000
557 2631862 1.000000
557 2631862 1.000000
557 2631862 1.000000
557 2631862 1.000000
563 2632420 1.000000
563 5599411 1.000000
567 3224401 1.000000
571 4143823 1.000000
571 4143823 1.000000
571 4143823 1.000000
571 4143823 1.000000
571 4143823 1.000000
571 4143823 1.000000
571 4143823 1.000000
571 4143823 1.000000
571 4143823 1.000000
571 4143823 1.000000
571 4143823 1.000000
571 4143823 1.000000
571 4143823 1.000000
571 4143823 1.000000
571 4143823 1.000000
571 4143823 1.000000
571 4143823 1.000000
571 4143823 1.000000
571 4143823 1.000000
571 4143823 1.000000
571 4143823 1.000000
571 4143823 1.000000
571 4143823 1.000000
571 4143823 1.000000
571 4143823 1.000000
571 4143823 1.000000
582 245766 1.000000
591 3491545 1.000000
591 97326 1.000000
591 3491545 1.000000
591 97326 1.000000
591 3491545 1.000000
591 97326 1.000000
591 3491545 1.000000
591 97326 1.000000
591 3491545 1.000000
591 97326 1.000000
591 3491545 1.000000
591 97326 1.000000
591 3491545 1.000000
591 97326 1.000000
591 3491545 1.000000
591 97326 1.000000
591 3491545 1.000000
591 97326 1.000000
591 3491545 1.000000
591 97326 1.000000
609 5168233 1.000000
610 4717353 1.000000
610 2584436 1.000000
610 3478059 1.000000
614 316982 1.000000
622 1217993 1.000000
622 1217993 1.000000
622 2090253 1.000000
622 1676511 1.000000
622 1676511 1.000000
624 4145532 1.000000
624 3123773 1.000000
624 2112730 1.000000
624 4546022 1.000000
624 3123773 1.000000
624 4546022 1.000000
624 2112730 1.000000
624 4145532 1.000000
624 4546022 1.000000
624 2112730 1.000000
624 3123773 1.000000
624 4145532 1.000000
624 3123773 1.000000
624 4145532 1.000000
624 4145532 1.000000
624 4546022 1.000000
624 4145532 1.000000
624 3123773 1.000000
625 5008651 1.000000
625 2759316 1.000000
625 5008651 1.000000
625 461547 1.000000
625 5008651 1.000000
625 3795135 1.000000
625 5008651 1.000000
625 461547 1.000000
625 4002833 1.000000
625 5125936 1.000000
625 507353 1.000000
625 5008651 1.000000
625 5008651 1.000000
625 507353 1.000000
625 4002833 1.000000
625 5008651 1.000000
625 4002833 1.000000
625 507353 1.000000
630 4871400 1.000000
630 4432787 1.000000
630 5554563 1.000000
630 4871400 1.000000
630 4432787 1.000000
630 4871400 1.000000
630 4432787 1.000000
630 4432787 1.000000
630 5554563 1.000000
631 4357876 1.000000
644 4630531 1.000000
644 4630531 1.000000
644 4630531 1.000000
644 4630531 1.000000
644 4630531 1.000000
644 4630531 1.000000
644 4630531 1.000000
650 154104 1.000000
650 3044490 1.000000
650 154104 1.000000
650 3044490 1.000000
650 978620 1.000000
650 154104 1.000000
650 154104 1.000000
650 978620 1.000000
650 3044490 1.000000
650 4859097 1.000000
650 321127 1.000000
650 3639498 1.000000
650 3044490 1.000000
650 3639498 1.000000
650 4859097 1.000000
650 321127 1.000000
650 978620 1.000000
650 154104 1.000000
650 3044490 1.000000
650 978620 1.000000
650 225608 1.000000
650 225608 1.000000
669 798942 1.000000
END
#################################################################
SECTION4 (TrueSubGraph Information)
EndPoint0 EndPoint1 Weight
END
#################################################################
